ClusterID	AllPeople	d_Work	AgricultHF	Manufact	Construct	HotelRest	FinanceInt	RealEstate	Admin	Education	Income	NetIncome	NIncBH	NIncAH	Households	CarsVans	Dwellings	OccuDwell	UnDwell	UnSecDwell	Employed	Managers	Profess	technical	Admin2	SkillTrd	Service	Sales	plant	Basic	Coach	Train	Patents	Morphology
0	16249	62.54	142	462	414	607	101	641	305	480	2686620	2297130	2238050	1990940	7712	6056	8021	7714	307	118	5936	766	461	693	582	883	533	638	388	992	2	1	8	4
1	27002	88.92	148	1675	741	1112	229	954	598	798	4517730	3899870	3646420	3255020	11838	11776	12395	11838	557	283	10879	1469	837	1331	1131	1752	810	1030	857	1662	2	4	21	5
2	6661	12.25	37	416	270	166	40	219	175	178	1058570	886910	829690	743860	2861	2880	2998	2861	137	13	2735	248	119	270	289	464	246	275	313	511	0	0	2	1
3	18163	52.09	90	473	537	454	198	840	643	669	3530660	2944430	2838480	2482030	8139	8175	8411	8134	277	41	7711	1037	994	1140	991	851	548	774	361	1015	2	1	18	4
4	312.102569	0.377035	0.711866	12.381391	6.864426	12.966138	1.932209	11.796643	19.754293	8.237311	54720.15322	44460.12449	49590.13885	39330.11012	171.000479	89.669743	189.737819	171.000479	18.737341	3.07628	121.576612	15.559366	11.262743	20.33904	11.110201	13.042409	7.42375	14.18648	8.16104	20.491583	2	0	0.3	1
5	254.54777	0.307506	0.580591	10.09814	5.598558	10.575054	1.57589	9.621226	16.111406	6.71827	44629.21613	36261.2381	40445.22712	32077.24909	139.4663	73.133756	154.74829	139.4663	15.28199	2.508983	99.156683	12.690065	9.185782	16.58832	9.06137	10.63726	6.054737	11.570353	6.656063	16.712732	2	0	0.24	1
6	15762	35.66	90	885	540	404	129	576	482	432	2671530	2222210	2112330	1861570	6725	7388	6859	6727	132	19	6786	682	413	656	944	1024	546	636	882	1003	3	1	16	3
7	3867	13.48	24	190	107	114	40	109	220	110	636120	535680	518940	451980	1674	1421	1727	1674	53	10	1587	166	82	208	166	256	125	166	140	278	0	0	0	1000
8	12056	56.13	55	865	355	213	202	545	642	580	2620590	2079450	1784130	1575920	4535	6329	4632	4536	96	16	6104	892	653	1008	789	666	492	571	446	587	1	0	1	3
9	17457	30.69	68	1050	494	628	117	518	286	418	3105720	2632740	2491210	2286070	7883	8096	8381	7883	498	316	6710	994	477	830	648	1083	610	572	673	823	1	0	7	2
10	4044	15.73	20	232	126	80	36	170	172	193	716400	589040	525360	493520	1592	1813	1633	1592	41	6	1773	202	167	239	202	243	157	149	165	249	0	1	0	1
11	3706	12.39	41	186	114	103	28	140	75	169	702680	574920	527010	479100	1597	1687	1672	1597	75	22	1526	176	180	187	152	209	130	154	117	221	0	1	5	1000
12	284685.351354	560.915458	1194.707539	18493.520529	8187.53705	6335.458891	3635.491907	10548.582185	16270.134422	10672.044444	52399970.888416	43964708.840991	40527224.897847	35525382.830465	120415.534234	123206.196716	125272.515027	120419.534234	4852.980793	676.414752	127802.267314	13777.750634	11179.551506	19052.07275	15750.828468	16316.320392	9675.521551	13336.24325	11577.182942	17136.795821	8	6	195.43763	6005024
13	9279	32.92	53	316	345	796	106	250	289	236	1626030	1356950	1220100	1103790	3877	4244	4037	3877	160	80	4052	602	200	411	467	670	337	398	282	685	1	1	4	2
14	6806	10.59	51	519	227	138	34	170	110	139	1039320	923840	866100	750620	2887	2932	2981	2887	94	17	2764	248	98	288	285	461	271	251	363	499	0	0	5	1
15	112249	156.11	427	6815	3742	4875	1008	4063	2146	2938	20290850	17038330	16246610	14643160	49532	52075	52098	49537	2561	918	46833	7159	3411	5874	5259	6294	4126	4247	4348	6115	3	3	108	13
16	18200	37.31	88	1187	737	405	172	762	421	504	3341320	2778490	2589490	2310320	7728	8564	7951	7728	223	22	8025	998	615	1018	940	1123	627	815	855	1034	3	1	27	3
17	6351	15.22	55	360	266	199	60	237	167	203	1131600	966000	910800	800400	2760	3180	2875	2760	115	55	2702	364	214	293	303	453	238	236	193	408	2	0	1	1000
18	1723	15.19	14	106	61	34	22	64	71	89	343800	282680	267400	244480	764	855	775	763	12	3	840	88	69	107	116	109	92	81	68	110	0	0	3	1
19	14413	46.16	59	540	506	420	127	605	280	491	2648940	2224340	2141850	1930050	6364	6713	6642	6365	277	104	5716	843	538	707	664	843	602	497	397	625	1	1	6	3
20	35283	110.05	115	1807	1233	1373	278	1416	1979	1012	6613920	5535100	5323380	4662170	15578	15437	16534	15577	957	359	15720	2150	1379	2143	1965	2206	1373	1323	1128	2053	1	1	15	8
21	3633	13.5	18	160	131	111	31	132	179	85	617870	542520	482240	391820	1507	1477	1549	1507	42	11	1552	171	89	214	186	215	154	142	123	258	0	0	0	1
22	26343	60.16	146	1051	886	787	440	1047	1103	938	5006190	4192350	3887230	3459390	11288	12549	11993	11288	705	254	11773	1562	893	1569	1554	1598	1184	1136	755	1522	0	1	7	4
23	14098	56.15	94	517	446	868	90	404	274	378	2626810	2255810	2109010	1952430	6189	6070	6497	6188	309	110	5371	872	331	594	540	780	557	462	354	881	0	3	6	5
24	7856	17.76	60	467	252	215	75	301	249	315	1698380	1434450	1313540	1173370	3468	3287	3547	3464	83	9	3632	443	306	489	413	477	354	403	274	473	0	0	1	3
25	12681	36.23	84	509	455	257	125	622	769	473	2623840	2130080	1956960	1739440	5344	6161	5523	5345	178	31	5888	727	675	871	824	669	510	498	406	708	0	0	5	3
26	6798	16.62	47	298	211	231	63	188	88	139	1189080	1023930	1023930	957870	3303	3422	3672	3304	368	209	2378	358	160	218	257	364	271	215	206	329	0	0	8	1000
27	4181	20	37	175	171	103	38	213	71	126	982850	822020	732670	696930	1787	2321	1960	1787	173	85	1688	288	184	193	208	264	169	145	72	165	0	0	2	1000
28	15122	51.23	79	704	486	633	117	555	285	550	2946570	2534770	2408730	2085250	6864	6183	7234	6863	371	92	6187	793	547	719	678	864	644	545	469	928	0	2	11	5
29	4232	14.19	65	311	175	118	19	163	65	133	750750	635250	635250	558250	1925	1913	2037	1925	112	41	1765	211	170	188	159	309	141	160	162	265	0	0	14	1
30	12.255234	0.016402	0.022105	0.636636	0.309476	0.464213	0.174633	1.04227	0.584688	0.63332	3278.683981	2660.064362	2721.926324	2288.89259	6.186196	5.03561	6.606199	6.186196	0.420003	0.048632	6.075669	0.947216	1.179323	1.076533	0.729478	0.460898	0.370265	0.46974	0.234317	0.607899	0	0	0.01	1
31	3036	12.8	27	271	116	127	29	117	67	73	537600	460800	422400	358400	1280	1426	1315	1280	35	3	1458	169	86	127	159	212	117	131	215	242	0	0	0	1000
32	12826	46.91	53	1024	342	408	109	532	303	463	2754970	2327250	2109050	1943680	5650	5730	6036	5644	392	194	5657	752	564	768	618	803	543	425	429	755	0	0	8	5
33	129989	333.4	876	5269	4262	3422	2387	6716	4743	5639	25046050	20789520	19135200	16944730	54586	59073	56203	54584	1619	264	60795	7560	6914	8270	8541	6640	4599	6133	4118	8020	6	8	119	5002017
34	37830	121.12	181	1736	1120	937	671	1572	547	955	8107540	6791990	6569820	6074920	18024	20845	19023	18025	998	519	13664	2067	1284	1695	1845	1834	1221	1181	967	1570	3	1	87	8
35	10.929597	0.014628	0.019714	0.567771	0.276	0.414	0.155743	0.929528	0.521443	0.564814	2924.031867	2372.327741	2427.498154	2041.305265	5.517041	4.490913	5.891613	5.517041	0.374571	0.043371	5.41847	0.844757	1.051757	0.960085	0.650571	0.411043	0.330214	0.418928	0.208971	0.542143	0	0	0.00986	1
36	3172	14.8	43	186	127	90	45	173	74	107	716000	601440	529840	529840	1432	1803	1492	1432	60	27	1507	238	145	217	167	204	140	114	111	171	0	0	4	1
37	353012	615.02	1207	20815	11963	9780	13267	17984	7141	11072	72530600	59986660	56073810	49222720	153052	185516	160984	153055	7929	2961	160489	24382	16067	22356	22635	20250	11971	14321	10728	17779	10	7	333	1047
38	6613	12.95	52	413	205	157	138	321	155	304	1437920	1176480	1209160	1045760	3268	3601	3397	3269	128	69	2841	390	414	397	360	365	216	197	187	315	0	0	27	1
39	3381	14.61	33	209	136	77	47	186	105	144	645540	537950	537950	461100	1537	1719	1576	1536	40	5	1564	222	140	199	217	212	136	131	129	178	0	0	0	1000
40	11312	40.41	86	617	340	212	290	472	220	245	2247420	1915910	1799950	1643580	5170	6769	5363	5175	188	23	4312	699	331	554	648	578	330	361	301	510	0	0	6	3
41	13675	47.89	68	680	392	302	294	546	309	601	3258980	2723380	2589300	2335320	6227	6761	6473	6224	249	58	5592	914	598	776	787	700	492	430	275	620	2	1	7	3
42	41678	111.71	314	2395	1409	1283	600	1730	859	1183	9640180	7977750	7572540	6844460	18683	20437	19566	18681	885	263	17485	2682	1512	2121	2261	2285	1691	1552	1180	2201	5	1	31	8
43	40665	97.84	453	2484	1274	675	893	1784	919	953	9326680	7744740	7301100	6770200	18456	20016	19358	18458	900	364	16816	2557	1344	2053	2277	2230	1502	1341	1403	2109	3	1	54	7
44	87066	118.92	365	3309	3236	2291	1236	3777	1841	2879	19313870	16056040	15330450	13613190	39304	39250	41020	39303	1717	365	36697	5174	3314	5027	4669	4732	3445	3399	2272	4665	5	2	48	9
45	24227	74.56	114	1353	958	508	823	1081	501	656	5386460	4417810	4195080	3803000	10606	12212	10895	10606	289	51	10861	1557	651	1363	1579	1594	979	958	964	1216	4	0	8	5
46	2250	15.62	15	72	81	41	32	67	48	47	496800	408480	397440	386400	1104	1061	1129	1103	26	6	782	98	56	111	103	121	86	73	44	90	2	0	1	1
47	17637	24.19	47	1405	793	292	349	1028	883	616	4547900	3721890	3118690	2961110	7427	9747	7541	7427	114	12	8592	1206	865	1347	1216	1161	594	698	586	919	0	1	8	2
48	5973	15.71	66	381	250	127	153	366	93	222	1434290	1191190	1021020	972400	2431	3551	2468	2431	37	3	2857	454	307	357	369	398	213	236	193	330	0	0	2	1
49	3599	15.23	50	315	149	78	60	132	119	86	705940	585780	525700	465620	1502	1855	1567	1500	67	7	1781	246	104	197	234	276	134	144	215	231	0	0	1	1000
50	5846	34.7	49	575	212	133	74	263	316	311	1196120	978390	900760	777810	2459	3171	2503	2461	42	9	3030	327	260	391	376	433	251	246	288	458	0	0	1	3000
51	32327	100.71	336	1555	907	882	457	1801	993	1375	7925910	6482770	5862480	5441880	14307	16270	15049	14304	745	168	14823	2163	2066	2171	1841	1543	1189	1257	760	1833	1	2	32	1001006
52	9373	16.73	34	622	272	188	114	587	309	373	2437290	2024190	1776330	1693710	4131	5407	4303	4131	172	70	4051	723	658	610	511	413	302	246	249	339	0	1	8	1
53	2612	18.43	24	205	141	40	90	142	53	82	642960	507600	451200	406080	1128	1642	1144	1125	19	5	1340	227	120	183	190	207	102	80	98	133	0	0	2	1
54	20663	47.28	95	1593	823	388	691	1562	996	828	5992510	4832470	4087500	3700180	8286	12466	8376	8286	90	10	10916	2117	1343	1833	1555	1175	651	814	548	880	0	1	23	3
55	31338	95.89	141	1088	862	504	591	1123	668	906	6796580	5706300	5682220	5145970	15025	14786	16062	15022	1040	320	11046	1623	1028	1463	1530	1360	1198	972	604	1268	3	2	26	7
56	8330	15.13	67	452	346	171	150	303	175	251	1814720	1506560	1403840	1232640	3424	4254	3525	3424	101	6	3611	516	236	494	462	536	340	304	277	446	0	0	5	1
57	12008	52.6	95	1643	434	264	108	369	161	250	2117470	1785470	1650390	1473850	5188	5801	5307	5192	115	18	5292	556	296	452	554	852	419	427	823	913	0	0	23	5
58	4571	15.19	52	216	134	131	67	281	162	271	1106940	912740	854480	718540	1942	1843	2026	1942	84	13	2182	262	373	325	243	261	163	134	132	289	0	0	0	1
59	409373	688.29	1302	18045	12489	9159	16181	25542	9297	15995	102717850	82947330	79377130	69150100	186660	180456	193453	186656	6797	1381	190283	29197	24412	30718	26147	19801	15503	17099	9755	17651	34	17	373	49
60	88726	232.67	412	4362	3309	1791	1351	3575	2604	2806	17959710	15248640	14370780	12648060	39307	37572	41694	39306	2388	552	36947	4959	3252	4771	5091	4919	3564	2972	2853	4566	8	6	73	1016
61	404870.81499	657.13897	1087.95818	28615.795584	14764.41452	9369.12178	6178.669622	22527.028187	22042.893861	13752.801857	91164627.237	75114957.569	66481120.536	60443979.769	167790.296673	178268.473404	173429.502093	167788.296673	5641.20542	669.907996	190813.505773	24330.208013	18038.768903	28574.963366	25512.61994	23682.128053	14000.299515	16009.111325	15525.556708	25139.84995	22	8	391.97	1051
62	2532	17.57	13	237	82	41	43	219	95	90	718520	576840	495880	445280	1012	1637	1030	1012	18	0	1306	243	158	208	197	133	80	114	80	93	0	0	0	1
63	349530	487.14	1033	22786	12933	7860	8294	21143	8052	13073	80077030	65370260	59227050	52182710	144739	168147	148150	144736	3414	440	165792	21082	17708	22595	23508	19738	11227	15064	14261	20609	12	14	402	3036
64	54719	114.67	508	5963	1689	963	481	2439	2065	1760	11013280	9074490	8388840	7336420	23210	28218	23931	23212	719	98	26720	3247	2708	3306	3364	4012	1922	2486	2361	3314	1	2	56	4000006
65	4070	14.08	32	228	105	78	27	183	92	185	774000	657900	677250	580500	1935	1965	2064	1935	129	18	1531	230	206	170	141	197	127	119	107	234	1	0	4	1000
66	28803	98.08	142	1832	989	485	1507	2013	728	944	8333540	6598220	5636390	5014630	11545	15822	11720	11547	173	32	15299	2739	1514	2258	2370	1563	1326	1243	843	1443	0	2	64	6
67	7616	23.78	80	698	262	118	72	333	160	290	1325630	1115160	1079530	919970	3225	3644	3312	3227	85	6	3367	374	260	358	371	498	283	282	415	526	2	0	3	2
68	14647	39.43	110	941	497	289	243	1261	364	700	3997980	3266260	2865820	2615630	6276	8082	6429	6276	153	31	7231	1146	1063	1026	1013	736	443	527	490	787	0	1	21	3
69	4889	15.31	73	266	191	151	49	280	87	171	1163500	977340	907530	837720	2327	2742	2375	2327	48	5	2207	389	197	263	257	309	221	144	139	288	0	0	5	1000
70	62753	133.53	228	4611	2582	1192	1615	4814	1795	2565	16572810	13324290	11419860	10319830	25003	34703	25387	24995	392	26	32394	4942	3785	4446	4971	3934	2067	2595	2301	3353	0	3	80	10
71	13697	69.87	123	906	602	312	397	900	415	485	3700570	3007340	2565400	2335410	5539	7884	5646	5535	111	15	7072	1236	675	1039	974	833	574	514	471	756	1	1	18	4
72	5175	43.72	63	406	265	130	63	205	154	193	1043250	849670	808660	703580	2279	2713	2379	2279	100	13	2534	328	177	245	286	409	187	202	273	427	2	0	2	3000
73	6728	64.08	62	403	205	87	168	610	213	344	1883030	1539050	1397400	1311570	3112	3788	3196	3115	81	12	3306	615	556	456	460	330	231	213	149	296	2	1	14	3
74	26124	93.6	129	1146	768	449	1527	1951	647	917	7965100	6432950	5714380	5119070	11266	14136	11610	11268	342	49	13048	2486	1710	2145	1973	1135	1067	933	520	1079	0	1	12	5
75	71054	222.4	591	3135	2361	1472	1140	3388	2875	2748	14492860	11940870	11224000	9855510	30882	35990	31729	30881	848	86	33295	4517	3330	4664	4677	3892	3143	2956	2294	3822	1	1	38	4000012
76	1768	14.76	17	134	98	21	15	60	30	50	301920	261120	261120	228480	816	885	826	814	12	3	724	70	47	55	90	135	47	62	89	129	0	0	1	1000
77	5173	10.58	30	464	157	153	38	206	109	170	813960	718200	718200	598500	2394	2159	2511	2393	118	24	2229	238	172	251	222	392	209	201	249	295	2	0	1	1
78	38772	131.73	221	1476	938	1099	560	3471	1391	2106	10128600	8105990	7649730	6657400	16031	17888	16529	16031	498	69	18472	3010	3565	2667	2156	1428	1230	1394	729	2293	2	1	40	7
79	12987	50.72	114	733	563	207	467	918	277	514	3282500	2690930	2289300	2148480	5028	7462	5116	5029	87	11	6768	1139	902	949	905	791	547	521	337	677	0	1	19	3
80	44408	129.47	226	2288	1449	1070	1264	2858	2075	1680	9856240	8032270	7650350	6559930	19402	21591	19922	19402	520	71	22016	3268	2690	3193	2924	2501	1593	1981	1448	2418	1	1	60	10
81	36183	91.03	186	2337	1132	644	1854	2924	771	1219	10660810	8558350	7633130	6905600	15449	19794	15727	15446	281	48	18992	3421	2470	2999	2925	1685	1342	1459	948	1743	2	2	23	6
82	34322	80.15	307	2674	1229	1122	278	1407	826	1059	6273340	5208330	4768070	4166160	14545	15632	15276	14545	731	154	15701	1850	1161	1865	1801	2295	1236	1502	1655	2336	3	2	29	1000007
83	2158	18.93	26	84	71	34	36	99	21	98	550800	448800	428400	397800	1020	1178	1090	1021	69	9	840	158	96	124	109	86	71	71	50	75	0	0	2	1000
84	5707	18.59	22	216	175	130	86	274	145	240	1454960	1175160	1147180	1035260	2798	2813	2996	2798	198	79	2226	364	335	315	303	210	203	167	132	197	1	0	2	1
85	2179	11.86	14	265	102	40	21	91	49	116	445500	346500	297000	264000	825	1196	833	825	8	4	1167	137	100	105	141	165	81	142	110	186	0	0	1	1
86	7515	47.63	66	587	359	130	154	545	263	261	1954670	1571860	1369590	1173430	2975	4445	3029	2978	51	3	4145	627	298	540	551	606	418	281	323	501	0	0	2	3
87	50854	148.99	208	1963	2047	1287	1194	1869	2178	1712	10726970	8962860	8138740	7168390	21836	22205	23911	21834	2077	229	22738	2953	1747	3466	2813	2636	2206	2312	1793	2812	3	2	25	1009
88	81305	141.28	334	4745	2496	2676	2567	5058	1596	1776	20391210	16293890	14382000	12598660	32831	39870	33313	32831	482	49	42061	6007	3360	5168	6573	3909	3667	4396	3528	5453	0	2	68	12
89	36892	69.94	204	3529	1520	683	316	1409	787	994	6391340	5448140	5016850	4345040	15689	16510	16088	15685	403	28	16837	1777	895	1619	2025	2476	1282	1538	2310	2915	1	1	14	7
90	14086	46.25	93	876	557	306	470	1080	332	468	3880680	3180760	2896600	2501440	6008	7951	6192	6006	186	46	7507	1327	782	1133	1108	848	628	533	446	702	2	1	16	3
91	10055	58.38	77	867	376	236	142	708	241	443	2554540	2086470	1885170	1655710	4320	5097	4437	4320	117	8	5173	738	520	676	633	688	470	375	384	689	2	0	9	4
92	42198	114.62	233	2100	1505	887	2302	3390	767	1587	12148470	9785640	8829790	7721760	18177	20337	18731	18177	554	41	21553	3872	2730	3524	2908	2191	1488	1662	1020	2158	1	2	46	7
93	23954	45.73	99	861	713	668	225	774	849	625	4474190	3787860	3558050	3012270	10306	8405	10793	10306	487	16	10240	924	446	1230	1335	1010	1262	997	1138	1898	0	1	12	4
94	4681	11.27	48	448	161	90	48	216	113	112	860850	726940	650420	573900	1913	2400	1964	1913	51	9	2259	241	156	254	259	314	196	185	311	343	0	0	2	1000
95	61045	348.47	391	4628	2705	1347	1277	3120	1440	1785	14060580	11342080	10006700	8880990	24350	28951	25172	24355	817	52	29702	4237	2373	3747	3887	3631	2105	2870	2756	4096	3	1	41	1000019
96	15787	25.53	76	752	611	518	563	1150	333	390	4080600	3276750	2925550	2602850	6425	8604	6569	6425	144	17	8452	1292	721	1170	1298	899	902	757	497	916	0	1	10	2
97	4785	18.05	28	277	179	93	246	407	100	247	1337560	1081850	944160	826140	1967	2284	2015	1967	48	4	2536	431	339	384	387	257	184	143	122	289	0	0	3	1
98	2569	12.86	32	93	96	146	26	93	42	75	444220	374080	362390	327320	1169	1186	1209	1169	40	10	1092	144	63	84	126	179	138	103	82	173	0	0	2	1
99	21103	78.72	146	988	710	408	655	2183	546	1167	6823890	5360130	4845970	4153370	8632	11564	8825	8636	189	17	10988	2151	1808	1618	1433	1072	672	827	436	971	0	2	18	5
100	4107	18.86	39	271	166	74	216	290	101	112	1084780	861880	668700	624120	1486	2113	1494	1486	8	0	2190	383	189	270	357	245	108	171	181	286	0	0	0	1000
101	7961	36.66	51	396	249	125	188	911	184	374	2486680	1953240	1802260	1600320	3334	4804	3419	3333	86	4	3905	897	666	583	495	345	231	250	134	304	0	1	5	2
102	10406	38.11	62	686	331	258	118	478	201	461	2013450	1671810	1644560	1470360	4750	5082	4936	4752	184	34	4351	572	549	546	442	547	378	362	390	565	1	0	8	3
103	21641	41.71	130	2303	693	363	1010	1415	1149	701	5923280	4787300	4087380	3686860	8796	11393	8944	8796	148	15	11834	1967	1124	1566	2023	1388	675	915	947	1229	0	1	66	3
104	4105	11.81	16	273	101	349	20	99	51	79	549940	496720	514460	425760	1774	1337	2085	1775	310	58	1614	272	72	127	124	249	178	124	194	274	1	0	2	1
105	24510	68.78	166	2373	980	619	215	1063	681	965	4813970	3945010	3639580	3124690	10198	12519	10322	10198	124	9	11966	1571	1078	1420	1369	1631	963	983	1406	1545	2	1	24	5
106	12201	28.2	67	983	461	338	113	401	165	258	2178250	1827840	1750110	1588830	5376	5732	5557	5376	181	23	5123	623	276	530	534	829	496	462	569	804	4	1	22	2
107	12856	45.14	66	755	424	211	460	724	206	625	3119880	2552980	2210220	1984960	5110	6265	5232	5111	121	20	5799	909	642	718	812	654	479	438	428	719	0	0	10	3
108	10374	29.91	85	454	326	213	472	1010	288	433	3836090	2925530	2685770	2415380	4591	5850	4739	4591	148	27	5176	1151	885	885	682	481	309	279	165	339	0	3	23	2
109	21712	42.6	105	1014	643	452	1297	2226	659	848	6571310	5214920	4719980	4381020	9268	11805	9513	9268	245	26	11613	2305	1896	2084	1703	868	770	671	469	847	0	1	35	3
110	6572	11.87	38	628	261	163	64	273	222	142	1208250	1020300	912900	805500	2685	3085	2758	2685	73	4	3025	382	158	346	343	425	232	294	381	464	0	1	3	1
111	56651	121.68	281	2529	1803	1311	1563	5650	1543	2865	16105970	12638770	11536220	10305760	22471	29322	22849	22470	379	45	29094	5140	5195	4319	3844	2588	1583	2339	1198	2888	1	1	208	8
112	21532	52.67	150	850	697	428	182	824	797	697	4786810	3977100	3792240	3341170	9738	9831	10275	9738	537	180	8977	1156	818	1264	1009	991	1137	711	741	1150	3	2	15	3
113	41590	95.7	242	2444	1897	838	1020	3694	1759	1407	10814400	8633650	7484010	6803720	16771	23077	17085	16771	314	20	22468	3513	2240	3141	3452	2900	1510	1674	1477	2561	0	2	63	7
114	28691	102.1	120	1694	869	515	816	3573	923	1164	9571000	7597570	6525280	5931170	11653	18679	11852	11656	196	19	14985	3439	2613	2328	2177	1183	849	906	555	935	0	1	21	6
115	16049	33.76	62	2094	651	311	262	848	430	550	3425790	2723390	2361980	2106930	6383	8669	6466	6383	83	11	8206	1093	521	844	1151	1201	558	750	871	1217	0	0	6	3
116	101357	223.37	423	8581	3747	1976	3513	9421	2562	3034	28692940	22851450	19913740	17376950	41094	53876	41914	41098	816	100	55535	9119	6357	7883	8793	5571	3254	4129	3797	6632	1	1	346	1016
117	3734	18.22	13	168	105	56	186	320	79	187	1232400	963800	884800	758400	1580	1906	1634	1580	54	7	1777	342	318	321	234	147	117	85	70	143	0	0	3	1
118	85287	211.56	437	4754	3967	1764	2330	5392	3154	2889	21712620	17827060	15440390	13969900	35318	43526	36481	35317	1164	98	42058	6481	4372	6027	6264	4584	2748	3300	3088	5194	44	4	64	14
119	5658	13.65	24	194	156	62	224	577	148	228	2075710	1596700	1437030	1277360	2281	3385	2340	2281	59	3	2543	584	459	427	384	170	147	133	76	163	0	0	5	1
120	4126	13.79	26	349	209	85	108	207	151	116	1039170	837540	666930	604890	1551	2209	1567	1551	16	0	2186	286	143	288	390	286	136	174	190	293	7	0	0	1
121	28240	55.62	134	3127	824	536	327	1351	1152	949	5674390	4680650	4265640	3718110	11808	13829	12233	11806	427	17	13930	1774	1139	1593	1838	1681	879	1448	1728	1850	1	1	14	5
122	23372	43.06	71	680	520	667	207	929	434	1777	4637600	3976660	3663900	3195760	9608	8714	10031	9608	423	68	9245	1089	1745	1137	983	774	684	1043	447	1343	1	1	1	3
123	422.785397	0.826619	1.360897	17.389242	11.441617	14.062604	8.417401	25.857047	10.534352	12.852918	87684.1187	73070.09892	79333.25026	68894.6647	208.771711	205.94911	224.144809	208.670904	15.473905	2.721794	184.426772	39.919651	18.649332	24.697764	24.949782	18.145296	14.768255	14.667448	9.979913	18.649332	0	0	0.5	1
124	11296	39.84	90	1053	390	216	126	586	548	313	2222670	1835490	1745130	1496670	4947	5462	5179	4943	236	18	5337	678	389	677	676	684	430	428	615	760	2	0	9	3
125	10160	38.63	90	679	430	190	165	532	223	467	2363940	1948070	1859950	1597690	4376	4475	4570	4376	194	21	4827	622	553	587	594	592	343	384	433	719	0	1	12	2
126	6274	12.96	36	481	254	138	133	622	361	164	1625600	1346200	1143000	1041400	2540	3667	2584	2540	44	3	3332	534	381	477	533	419	185	195	249	359	0	0	0	1
127	4112	14.57	27	285	215	77	75	187	76	66	777380	628520	578900	512740	1654	1822	1710	1654	56	3	1879	178	84	193	263	254	128	167	240	372	1	1	2	1000
128	135108	341.88	505	8560	4657	2797	3290	14624	4768	4731	41053530	32519680	27362030	24787100	52293	81068	53762	52284	1478	96	73280	14618	9305	11036	11230	7186	4543	5458	3591	6313	2	4	271	1023
129	77174.211248	136.723374	337.639092	4155.61062	2483.558292	1876.937284	1501.582532	3811.142748	1686.465564	2001.14698	15056845.185	12580259.321	12098686.12	10669324.789	34026.226632	37312.049256	35797.853412	34024.32744	1773.525972	259.278184	34002.571764	5404.080032	2537.35052	4279.30204	4319.05002	4149.85456	3082.231628	3339.332436	2678.020008	4213.35052	4	3	38.49	9
130	14204	33.83	98	1880	465	259	141	680	425	348	2758350	2264080	2099950	1805100	5897	7221	6057	5897	160	7	7000	839	405	750	808	921	488	563	1178	1048	1	1	5	3
131	20147	64.07	119	1653	894	361	431	1028	537	527	4136400	3474130	2998910	2720320	8095	8776	8306	8093	213	18	9302	1013	601	1061	1371	1222	736	792	1099	1407	29	1	10	4
132	99875	259.82	446	4836	2639	3181	1323	7347	3717	5107	22255950	18160610	17292680	14977660	43366	46326	45001	43365	1636	338	46662	7808	7813	7183	5595	4290	2840	3638	2356	5139	4	2	185	1001017
133	10281	39.54	56	476	376	233	119	460	224	582	2530620	2073020	1987540	1746660	4576	4766	4845	4578	267	99	4471	702	608	653	514	556	398	314	246	480	2	1	0	2
134	5019	10.42	16	264	190	105	123	260	156	125	977240	821770	777350	688510	2221	2279	2253	2221	32	4	2234	283	149	284	309	290	181	220	220	298	0	0	4	1
135	48947	116.55	273	3472	1833	1123	786	4692	1078	1677	13272650	10846390	9407940	8461490	20368	26981	20804	20365	439	61	26292	4547	3268	3419	3799	3020	1496	2141	1744	2858	1	2	285	9
136	6538	16.58	24	279	144	152	122	775	122	299	2095470	1603940	1526330	1371110	2587	3969	2737	2585	152	21	3064	789	475	476	376	257	190	178	89	234	0	0	10	1
137	14699	36.66	58	642	577	311	168	514	302	458	3044280	2522940	2547780	2149770	6672	6429	7044	6669	375	75	5878	762	425	644	726	890	674	495	513	749	2	1	4	2
138	35531	71.03	120	2301	929	535	856	5043	816	1697	12630480	10146630	8734180	7542870	14109	22224	14308	14105	203	21	19416	4893	3526	2933	2737	1287	1048	1189	635	1168	0	1	115	5
139	203782	288.67	598	12891	9710	3477	6137	10762	6009	6663	45085030	37190650	32195500	28637570	81195	94640	83523	81190	2333	93	96601	12486	7944	12098	14746	12235	6876	8064	8988	13164	209	3	84	17
140	3640	14.51	35	211	181	108	51	219	55	184	783500	642470	611130	501440	1567	1838	1618	1567	51	5	1819	269	181	224	169	261	171	137	122	285	0	0	9	1000
141	38438	73.93	72	2075	1239	784	733	1378	1202	1011	6194360	5400900	4898520	4187110	15771	15482	16402	15771	631	19	15795	1796	1016	2083	2363	2049	1410	1557	1383	2138	0	1	13	6
142	60091	102.55	299	3847	2086	1363	1075	7574	1229	1748	17100450	13513920	12116580	10384460	24739	32468	25188	24739	449	54	33143	5858	4059	4611	5131	3383	2153	2470	1836	3642	0	2	97	9
143	6963	15.83	18	410	168	128	452	568	250	310	1784210	1411390	1224980	1091830	2663	4252	2679	2663	16	3	3715	777	468	602	660	252	223	311	163	259	1	0	0	1
144	120816	328.63	567	6521	4064	2600	972	4167	2324	4518	23893800	20338400	19203780	16802990	52662	50395	56595	52673	3922	890	46495	6081	4184	5648	5595	5928	5211	3957	3840	6051	19	6	94	22
145	13789	96.56	84	1563	459	207	203	761	505	501	2887870	2337520	2132000	1838670	5619	7016	5818	5616	202	19	6809	998	633	846	766	899	436	471	923	837	2	0	11	6
146	15209	80.31	63	984	449	241	501	1084	334	538	3454760	2864190	2645690	2358650	6434	8357	6622	6437	185	34	7420	1262	810	1085	1052	794	512	627	520	758	2	0	30	5
147	1316	16.41	5	93	78	21	93	119	65	22	468120	360960	349680	259440	564	780	574	564	10	0	835	134	72	154	141	113	35	57	56	73	0	0	0	1
148	5751	13.13	18	501	221	116	29	224	162	124	978670	859320	811580	668360	2387	2008	2531	2385	146	7	2316	173	113	211	273	325	207	174	343	497	6	0	3	1
149	27828	148.42	150	2819	850	513	467	1707	1261	933	6374470	5056820	4526680	3914390	11363	13705	11678	11363	315	35	13926	2280	1594	1712	1783	1455	821	1221	1439	1621	4	1	86	10
150	3433	11.43	19	210	128	118	91	190	84	119	729500	598190	539830	466880	1459	1766	1489	1459	30	0	1718	217	149	244	233	214	132	116	165	248	0	0	2	1
151	5421	16.62	20	314	125	66	159	825	111	264	2030180	1589900	1418680	1320840	2446	3452	2540	2446	94	16	3012	720	626	517	420	183	133	167	99	147	0	1	3	1000
152	14322	73.67	52	954	457	273	589	1011	503	466	3418580	2734960	2502060	2225030	6033	8457	6159	6032	127	9	7139	1297	780	1083	1193	642	430	560	456	698	0	0	22	5
153	239803	388.43	757	12329	8505	4849	8105	26144	5935	10237	64793460	52078350	45201190	40202020	94508	118720	96922	94508	2414	273	126703	20686	19180	18644	19349	12295	6671	10458	6793	12627	2	6	452	1001029
154	23022	47.79	73	1452	586	564	391	2637	977	797	7158290	5699790	5391260	4672050	10212	12402	10731	10213	518	98	12460	2734	1663	2358	1549	1003	720	874	547	1012	0	1	86	4
155	6742	33.06	12	366	210	263	50	230	159	187	1156320	973360	988840	882720	3040	2931	3232	3038	194	17	2433	393	264	338	233	308	198	202	187	310	0	0	3	2
156	136231	337.08	430	9037	5945	2529	4334	6930	2937	4010	31708090	25374520	21442250	18766970	55401	61768	56581	55399	1182	74	63535	8082	4617	7261	9834	7781	4045	6359	6721	8835	19	3	52	22
157	7205	14.7	31	709	242	159	51	170	129	151	1124420	976470	917290	828520	2959	2959	3031	2959	72	3	2795	298	159	303	264	400	250	295	434	392	0	1	9	1
158	20836	35.88	83	2067	937	370	585	1186	617	479	4296260	3479650	3071850	2609920	8156	11086	8287	8157	130	8	11284	1272	704	1210	1683	1514	750	1115	1356	1680	0	1	5	3
159	628743	817.73	1995	36733	20660	12469	21321	45386	16244	23851	134515950	110153520	100335600	86863800	263290	307768	270261	263282	6979	685	303840	42986	38869	43471	45959	32002	18206	26205	21556	34586	6	18	1250	5004064
160	50030	92.07	186	3981	1209	991	817	5982	848	1763	15715850	12344220	10740930	9670350	20260	29098	20798	20264	534	81	25809	5847	3884	3896	3689	2243	1378	1628	1283	1961	0	2	159	7
161	123089	153.4	372	9437	3371	2999	1603	10400	2172	3155	27362490	22536690	19595870	17361930	46610	55152	47476	46611	865	63	60031	8474	6126	7875	9348	6079	3534	5262	5864	7469	1	3	350	15
162	355775.000897	482.520003	677.000001	15955.000039	8254.000013	8434.000025	9123.000025	17669.000053	11177.000023	14835.000023	68164270.16874	57609400.14277	50783120.14277	45540480.11679	144563.000433	152341.000305	149341.000471	144574.000433	4767.000038	344.000005	153202.000355	21373.000057	23857.000065	24642.000072	22149.000039	13137.000022	9290.00002	13336.000023	8721.000019	16697.000038	8	26	374.99	2003036
163	10646	32.13	49	537	292	240	279	1397	132	424	3698340	2768200	2691820	2466460	5038	6419	5257	5040	217	52	5218	1243	964	817	584	432	302	270	163	443	0	1	21	2
164	33661	118.43	53	3043	1002	617	353	1242	1188	1041	5896820	5027680	4643510	4130030	14067	15401	14399	14062	337	14	14666	1699	1281	2304	1803	1685	1155	1388	1622	1729	1	4	14	2007
165	17999	33.52	55	1375	869	326	703	834	355	512	4919020	3652990	2800190	2420000	6943	9607	7011	6943	68	3	9164	1033	528	1014	1679	1276	555	1026	992	1061	0	0	3	2
166	3755	10.03	4	337	134	77	50	114	85	101	614040	540940	467840	423980	1462	1528	1489	1462	27	0	1621	171	113	183	181	201	137	154	213	268	0	0	1	1000
167	3320	14.13	6	248	102	57	68	97	118	129	640800	534000	480600	427200	1335	1503	1368	1335	33	3	1548	188	174	263	232	161	121	105	127	177	0	0	3	1
168	14004	29.03	74	1025	414	304	263	1889	226	501	4899930	3788560	3417140	3035510	5972	8765	6107	5971	136	37	7190	1789	1061	1098	874	673	396	418	311	570	0	1	71	2
169	4356	14.76	24	359	151	41	46	452	134	229	1272800	1034150	795500	684130	1591	2248	1610	1591	19	0	2311	349	337	279	293	228	176	180	196	273	0	0	0	1
170	197719	296.48	770	17716	6353	4283	7804	13234	4029	5402	44068650	35582030	31922960	27760670	82393	98758	84916	82383	2533	192	103072	14290	10391	13460	15185	11187	5353	9497	9948	13761	8	1	409	4002020
171	6408	56.02	26	583	168	164	109	215	97	135	1095900	952900	849100	758930	2593	2882	2634	2590	44	7	2758	295	198	350	353	302	188	222	310	540	0	1	3	4
172	10790	40.52	17	406	217	257	134	450	301	550	2209740	1823440	1775660	1616140	4962	5527	5215	4962	253	112	4061	681	794	685	465	365	252	303	174	342	0	0	5	2
173	18045	23.9	41	1587	530	331	425	723	628	576	3143340	2713380	2364780	2122680	7166	7776	7376	7166	210	8	7886	978	755	1032	1208	954	432	733	767	1027	0	1	17	2
174	5330	14.56	56	297	202	115	66	593	147	223	1536600	1229280	1158360	992880	2364	2819	2435	2365	70	13	2804	471	418	413	350	295	185	161	184	327	0	0	4	1000
175	3971	13.62	5	307	110	73	66	123	129	184	689620	588700	555060	504600	1682	1746	1718	1682	36	0	1674	208	179	229	243	186	118	142	156	213	0	0	0	1
176	23453	56.08	95	1677	943	364	414	2727	805	737	6672920	5279820	4739320	4008890	9773	12544	9984	9771	213	30	13276	2124	1516	1961	1873	1250	801	875	1082	1794	0	1	15	4
177	92211	137.59	153	6416	2211	1925	1542	3427	2410	2246	14453410	12777330	11902930	10272780	38635	33922	40275	38636	1639	60	36053	3942	3158	4567	4790	3991	2591	3401	3802	5811	3	1	63	13
178	18118	35.83	26	1524	486	279	104	438	320	297	2617820	2304080	2257620	1984420	7982	6137	8285	7982	303	3	5643	391	267	530	577	776	413	556	993	1140	1	0	11	3
179	6384	10.55	10	817	142	102	105	165	195	179	1104240	950160	821760	719040	2568	2726	2669	2568	101	4	2755	265	199	340	358	328	182	224	450	409	0	0	1	1
180	5944	13.4	12	475	201	88	79	166	174	194	956280	833680	735600	686560	2452	2301	2612	2452	160	3	2250	231	197	298	321	289	155	177	270	312	0	1	0	1
181	5250	17.24	45	564	220	128	89	388	88	171	1174680	948780	881010	768060	2259	2976	2362	2259	103	22	2627	513	271	303	300	396	186	154	217	287	0	0	9	1000
182	7502	70.87	38	547	205	203	129	422	241	272	1607420	1324230	1207110	1064850	3241	3875	3376	3243	133	12	3561	587	480	477	451	336	217	235	275	503	1	1	28	4
183	16313	81.13	109	1010	618	181	1203	1001	443	530	4627150	3551910	2946290	2639930	6891	9229	7065	6890	175	9	7850	1325	706	1162	1574	874	496	577	481	655	0	1	8	4
184	433395	1063.04	1463	26075	18371	7011	22813	23568	9688	12027	111800870	87907260	72826310	64264180	183447	213397	189199	183456	5743	350	198262	29893	16256	25399	34349	24967	12904	16232	16174	22088	12	16	342	2002054
185	7057	31.75	23	382	235	110	223	642	184	281	2446200	1966950	1475150	1392350	2735	4108	2777	2736	41	0	3568	809	516	602	493	292	217	199	148	292	0	0	1	2
186	27554	102.66	88	1321	851	417	2119	2168	620	1197	8803230	6863110	5780510	5314200	12083	14657	12568	12083	485	45	13278	2430	2105	2438	2172	1041	795	731	534	1032	2	1	0	6
187	78235	166.13	297	6751	2211	1452	1247	7187	1395	2616	19540250	16056840	13864530	11830600	29677	39958	30339	29678	661	43	38647	6565	4661	5492	5331	4327	2418	2892	3027	3934	1	1	136	13
188	23406	42.41	60	1338	720	268	2200	1917	527	943	7651100	5927960	4786500	4353890	9573	13350	9767	9574	193	12	11745	2387	1711	2011	2217	873	612	665	509	760	2	1	0	2
189	4497	18.72	17	224	104	62	120	463	94	171	1622880	1236480	1139880	966000	1932	2661	1997	1932	65	3	2075	514	318	346	291	147	136	103	80	140	0	1	38	1
190	6265	13.82	10	696	213	60	33	113	101	98	863100	789120	690480	591840	2466	1783	2625	2466	159	3	1974	111	70	119	188	286	136	120	495	449	0	1	2	1
191	4506	15.91	28	237	102	59	104	459	92	176	1410360	1139880	1043280	869400	1932	2326	1991	1930	61	7	2134	465	341	322	254	161	131	144	105	211	0	1	7	1
192	23600	66.74	42	1588	677	358	294	716	706	688	3814250	3315690	3233710	2870930	10441	9244	10987	10441	546	12	8764	844	849	1071	1185	1066	698	823	1013	1215	1	1	11	5
193	16629	45.7	102	1247	727	255	1155	1261	389	645	5269780	3976560	3062060	2715640	6312	9754	6397	6312	85	5	9173	1803	957	1390	1622	939	506	676	535	745	0	1	0	2
194	31289	83.92	87	2633	1096	572	494	3201	881	1820	9147990	7457340	6321950	5579500	12762	16531	12976	12764	212	34	16879	2599	2674	2339	2395	1663	982	1221	1192	1814	0	0	52	7
195	34437	81.07	88	3649	913	551	428	1125	1015	927	5682710	4949540	4499430	3962770	14118	14518	14420	14116	304	6	14278	1520	1159	1649	1764	1762	1002	1316	1927	2179	2	0	15	8
196	8266	37.8	26	656	198	162	126	251	279	297	1416420	1206960	1152030	1023850	3491	3758	3606	3491	115	3	3379	348	331	408	477	378	295	313	379	450	1	0	5	3
197	28943	69.1	43	2809	770	411	355	811	842	762	4463600	3878530	3527670	3133050	11643	11632	12023	11643	380	3	10777	1129	840	1185	1315	1414	726	821	1538	1809	0	3	13	6
198	198952	474.08	629	10450	4909	4237	3073	6957	6604	7299	34160110	29317250	27127250	24316310	83722	86210	88410	83724	4686	582	78586	9132	8890	10749	11009	8959	5530	7721	6309	10287	1	3	154	5002023
199	1815	10.26	6	175	42	31	15	59	42	53	289800	264960	256680	215280	828	665	860	829	31	0	669	65	47	72	59	88	48	47	101	142	0	0	1	1
200	10508	25.19	44	629	537	202	369	574	243	303	2797680	2199220	1821060	1549400	4406	5596	4480	4405	75	5	5220	712	282	660	858	734	404	360	522	688	1	0	1	2
201	7333	12.29	28	339	294	136	256	471	174	269	2099670	1612790	1308490	1156340	3043	3861	3079	3043	36	0	3453	565	311	475	611	409	270	245	204	363	0	0	16	1
202	39342	126.45	117	3055	797	675	351	817	1189	1022	6083350	5364470	5165010	4661060	17175	15726	18202	17180	1022	26	14119	1380	1214	1678	1754	1809	1192	1345	1720	2027	1	1	45	10
203	11895	35.79	87	950	413	275	198	873	234	394	2505720	2037510	1863960	1569300	4911	5897	5033	4912	121	7	6025	862	555	685	752	741	442	556	569	863	0	0	18	3
204	4683	14.22	13	299	169	104	117	394	97	180	1466250	1153450	918850	860200	1955	2704	2004	1955	49	3	2305	494	282	360	304	235	163	158	121	188	0	0	2	1
205	1923	12.59	5	164	59	37	15	41	67	43	300300	257400	257400	223080	858	841	920	859	61	3	744	79	45	81	90	104	76	53	96	120	0	0	2	1
206	4465	11.26	23	251	253	72	147	278	112	102	1213370	905500	760620	651960	1811	2369	1840	1811	29	0	2301	307	111	262	385	355	149	205	226	301	0	0	4	1
207	1527	15.04	4	83	55	43	7	39	30	34	228470	198990	206360	169510	737	551	808	735	73	9	545	55	34	62	49	88	56	69	44	88	1	0	0	1000
208	15813	71.91	99	1303	477	219	317	1444	236	674	4421410	3567890	3028390	2690020	6240	8604	6404	6242	162	9	7912	1491	1030	1209	1022	793	504	526	593	744	0	0	19	5
209	4424	23.3	36	460	161	86	60	233	86	187	841400	701200	654400	542200	1870	2129	1897	1867	30	4	2145	271	215	294	224	312	166	168	208	287	0	0	13	2
210	16485	30.56	114	1851	617	299	251	755	325	583	3052090	2502050	2321640	1978880	6661	8064	6748	6662	86	3	7874	904	585	866	949	1249	637	570	1029	1085	0	1	68	3
211	2170	13.9	14	140	69	41	12	60	63	59	343730	297280	278700	241540	929	1007	1002	929	73	25	856	93	65	96	87	145	70	117	97	86	0	0	0	1000
212	8067	35.21	34	705	350	152	290	533	169	321	2362960	1799560	1393040	1221080	3130	4679	3164	3130	34	6	4145	637	479	565	626	505	262	318	313	440	0	0	0	2
213	5822	16.57	34	564	217	118	104	642	113	228	1629450	1331100	1124550	1009800	2295	3302	2337	2294	43	7	3288	684	388	488	441	366	193	248	167	313	0	0	14	1
214	6373	60.2	26	381	227	131	35	141	158	143	923060	827820	788790	693710	2854	2488	3032	2854	178	15	2317	249	113	280	252	408	223	260	238	294	0	1	2	3
215	8439835	9960.33	17198	316863	219124	175039	308426	782880	209946	292059	2475612519.99998	1953513409.99996	1814589389.99998	1568800239.99998	3533701	3342368	3641855	3533690	108165	17308	3942587	709084	569998	689038	610372	318184	233942	265249	196781	349939	238	433	12631.99	21023834
216	14594	36.54	18	980	287	181	110	351	308	335	2051520	1834080	1729560	1527180	6056	4724	6367	6059	308	9	4653	385	345	654	531	554	349	418	543	874	0	0	5	3
217	11805	41.51	88	896	355	272	117	621	1485	328	3217510	2540600	2052970	1800450	4436	6119	4800	4438	362	6	6598	835	311	1376	918	743	560	497	569	789	0	0	4	3
218	5450	18.65	21	283	147	73	149	548	104	265	1836100	1451800	1110200	1046150	2135	3113	2196	2134	62	8	2528	605	475	415	276	184	141	124	105	203	0	0	2	1
219	3745	18.64	23	296	178	54	137	225	84	98	1032240	792880	643280	553520	1496	2027	1562	1495	67	6	1838	280	170	242	225	235	129	131	195	231	0	0	0	1
220	17947	37.39	57	909	496	506	292	1020	307	662	3850550	3025740	2602620	2235080	6911	7704	7061	6911	150	15	7987	971	687	993	1129	818	644	842	550	1353	1	0	25	3
221	65895	155.58	189	3241	1721	1231	2399	7565	1392	3234	23286190	17573250	14962410	13306300	27379	35054	27940	27376	564	75	34300	7423	6930	5838	4030	2306	2005	1950	1289	2529	0	2	87	10
222	72994	154.41	237	5126	2794	1503	1390	5784	1831	2181	20300300	15643270	12857620	11172970	29677	37615	30183	29683	500	31	36996	5933	3634	5035	5731	3958	2510	3057	2829	4309	15	2	73	13
223	13741	24.98	95	1131	710	226	400	878	299	456	4042710	2968380	2194830	1968300	5076	7673	5139	5077	62	6	7096	1034	493	909	1105	1049	496	565	579	866	0	1	12	2
224	4745	10.14	13	574	90	65	33	125	85	84	701400	601200	581160	480960	2004	1596	2100	2004	96	0	1752	131	74	163	187	209	127	201	299	361	0	0	1	1
225	172586	391.87	524	8894	4094	4086	1419	12945	2751	14661	43533080	34964870	32021290	27486150	67383	70918	69450	67373	2077	353	79831	11184	17334	12353	9137	6774	5062	5058	3853	9076	11	2	454	3003027
226	103675	256.17	458	5853	3818	2082	6071	7522	3001	4177	30692490	23739110	19459420	17143200	43451	54724	44461	43454	1007	56	53393	8934	6670	8092	8737	5119	3130	3891	3269	5551	1	1	0	15
227	22765	64.58	114	2316	920	412	420	1667	610	994	6133040	4964520	4269790	3709950	9105	11956	9238	9103	135	21	12214	1928	1257	1683	1598	1496	852	963	1113	1324	0	0	46	5
228	1640	12.53	11	208	59	37	22	74	24	51	282940	236880	210560	184240	658	856	672	658	14	3	737	71	42	73	87	117	58	43	119	127	0	0	0	1
229	65395	103.93	186	6024	2538	1331	1420	3906	1366	1690	16837980	13099510	10868700	9031920	27535	30790	28074	27535	539	36	32335	4075	2520	3933	4849	4028	2142	2635	3385	4768	7	2	0	9
230	5293	33.24	26	299	126	79	45	118	185	183	804440	699760	701180	630920	2342	2262	2487	2343	144	3	1865	191	192	207	249	215	171	158	231	251	0	1	2.99	3
231	5225	14.27	21	474	214	98	197	495	171	244	1859130	1368810	1082790	939780	2043	3023	2101	2043	58	3	2954	617	421	475	431	296	171	156	155	232	0	0	11	1
232	5117	17.95	28	367	202	103	96	450	123	195	1475280	1126950	942540	799110	2049	2792	2095	2050	45	3	2577	480	284	357	349	292	199	168	181	267	0	0	1	1
233	8448	11.04	28	662	335	165	97	501	233	448	2068920	1674840	1412120	1280760	3284	4078	3341	3284	57	4	4281	525	387	569	647	527	290	424	347	565	0	0	3	1
234	5343	13.51	28	439	214	99	131	429	149	190	1505700	1171100	1003800	860400	2390	2774	2416	2390	26	5	2640	401	330	367	391	309	162	156	199	325	0	0	2	1
235	3607	11.78	18	462	170	62	44	144	71	99	640270	536040	476480	402030	1489	1698	1536	1489	47	0	1660	152	90	158	166	282	143	123	306	240	0	0	0	1
236	1869	14.07	20	46	67	52	18	56	38	64	304640	259840	277760	232960	896	844	963	897	66	7	712	89	64	70	85	96	73	74	57	104	0	0	0	1000
237	43310	86.41	147	3555	1115	674	836	3228	903	1469	12234520	9491390	8158530	6999480	18236	21134	18574	18234	340	46	20885	3387	2565	3055	3109	2107	1370	1537	1389	2366	0	1	86	7
238	8171	75.99	57	426	215	158	79	259	155	313	1537450	1293650	1276000	1119100	3765	3725	3922	3763	159	8	3326	468	447	555	352	314	264	266	246	414	1	1	4	5
239	14865	40.6	77	1621	601	286	456	1160	352	618	4530250	3444400	2872240	2521130	6133	8046	6220	6133	87	6	7959	1359	1062	1155	1216	882	474	433	534	844	0	0	20	3
240	66944	147.97	299	5176	2248	1312	1918	4834	2073	2022	17168430	14011520	12321120	10493480	26462	32889	26964	26459	505	33	35164	5545	3196	5258	5109	4053	2431	2746	2623	4203	0	2	114	11
241	27686	79.63	66	1263	606	393	1237	3401	521	1261	10354360	8049590	6621670	6329940	10975	16276	11226	10978	248	39	13327	3455	2862	2262	1754	729	620	627	357	661	0	1	34	4
242	6904	45.92	57	168	187	182	48	199	359	182	1004550	893460	871380	736330	3080	2650	3318	3078	240	10	2667	287	181	377	301	332	245	358	169	417	1	0	1	3
243	22470	73.7	86	2084	956	361	984	1311	434	608	5858840	4578280	3812100	3273340	9428	10406	9594	9428	166	10	11181	1450	814	1440	1604	1403	868	813	1220	1569	2	1	0	4
244	53840	208.17	236	2270	1698	1094	857	1435	866	1165	11003450	9046660	8092540	7459980	24312	23056	25625	24320	1305	471	18537	2542	997	1779	2203	2684	2086	1832	1891	2523	9	1	29	1011
245	109885	157.09	370	8616	3755	2192	3263	5432	3731	2978	21197590	17466100	15982490	13711900	45760	51432	46994	45765	1229	54	52525	6273	4351	7327	8361	6080	3655	4563	5252	6663	4	1	102	15
246	8121	51.65	36	223	195	95	156	285	114	260	2041250	1624310	1445760	1406190	3957	4128	4419	3957	462	296	2448	418	293	343	346	276	252	195	110	215	4	1	5	2
247	6634	11.61	36	548	199	126	274	381	399	241	1479400	1194900	1081100	938850	2845	3533	2908	2844	64	3	3433	457	315	528	681	340	223	300	266	323	0	0	21	1
248	4989	20.12	30	250	165	83	141	310	96	478	1474530	1132610	940280	854800	2137	2612	2205	2137	68	16	2436	351	490	342	306	263	162	175	114	233	0	1	4	1000
249	29764	75.09	110	2282	999	571	1115	2547	672	1155	9736110	7347780	5973730	5297610	11923	16675	12216	11921	295	27	15775	3135	2331	2443	2124	1388	1079	1125	830	1320	2	1	0	4
250	28672	90.89	150	2671	1050	499	458	2349	1721	923	8729080	6796760	5783680	5028960	11610	15725	11849	11612	237	20	16509	3031	1505	2608	2361	1691	935	1208	1261	1909	0	2	49	5
251	111925	244.79	455	8235	3014	2693	3622	7422	4338	4687	24571430	20062540	19101430	16516620	49013	55827	50828	49006	1822	223	53882	7973	7211	8434	8029	5099	3167	4362	3715	5892	5	1	266	1020
252	32095	88.08	174	2904	1553	644	859	1754	753	909	8376400	6490600	5277470	4595720	13187	16236	13575	13188	387	24	16387	2493	1042	2003	2236	2375	1248	1314	1605	2071	8	2	0	5
253	5493	12.27	56	577	140	168	58	245	63	189	1079760	907980	834360	736200	2454	2767	2536	2454	82	8	2597	425	221	223	256	319	200	243	301	409	0	0	3	1
254	3675	15.17	83	279	150	63	58	168	78	141	710640	589680	529200	453600	1512	1886	1532	1510	22	7	1705	235	163	188	189	254	141	148	166	221	1	0	4	1000
255	242153	389.22	447	21191	8654	5136	3704	13955	4240	7685	55477460	43846940	35737770	31409260	94048	105870	96117	94047	2070	136	111237	14854	9422	13196	15643	14228	7590	8969	13014	14321	6	3	208	1029
256	6900	21.46	30	590	221	93	224	676	191	393	2261000	1675800	1330000	1170400	2660	4023	2701	2662	39	5	3917	797	556	560	628	358	214	259	209	336	0	0	3	1
257	79715	178.22	236	6263	3211	1516	1908	5547	2019	2207	20344230	15952100	13520200	11446890	32749	38005	33252	32754	498	21	39576	5585	3777	5435	5602	4609	2680	3562	3095	5231	1	1	103	13
258	15605	46.8	76	1508	455	248	310	1108	305	587	4334500	3327670	2696320	2404130	6363	8136	6501	6363	138	9	7886	1412	787	968	1048	879	444	586	786	976	0	0	12	3
259	3735	10.18	30	377	95	68	97	173	89	106	694540	575960	575960	491260	1694	1918	1719	1694	25	4	1598	197	128	199	234	188	102	130	180	240	0	0	3	1
260	95048	225.76	328	4860	3212	2005	2784	5004	4435	3750	23596270	18592500	15703480	13806380	38816	41647	39941	38813	1128	78	45108	6262	4522	7655	5596	4831	3650	3955	3218	5419	3	2	36	2012
261	3375	13.2	30	126	97	98	25	93	174	145	552240	467280	453120	382320	1416	1439	1461	1416	45	9	1413	140	122	170	206	168	129	101	104	273	0	0	0	1000
262	11053	32.94	63	1111	671	168	183	538	234	347	2864610	2256890	1903080	1664630	4769	5872	4924	4769	155	9	5526	793	399	661	616	946	501	399	560	651	0	0	1	2
263	17015	74.49	65	950	427	406	246	524	393	382	3747140	3051480	2580620	2301430	7471	7140	7721	7467	254	39	7048	829	375	776	970	777	765	579	856	1121	0	2	6	4
264	8083	11.1	30	643	223	168	119	378	89	187	1545440	1277960	1099640	891600	2972	2928	3189	2972	217	7	3547	314	138	302	419	446	189	405	489	845	0	0	3	1
265	3917	10.71	19	469	116	121	61	265	131	134	882450	725570	705960	627520	1961	2096	2091	1961	130	25	2011	273	218	286	299	248	117	127	226	217	2	0	9	1
266	68875	177.12	196	6309	2226	1239	1900	5214	1445	2726	19225340	14908090	12676620	10955620	29048	33934	29672	29052	620	48	34024	5642	4801	4649	4346	3387	2173	2404	2845	3777	6	3	81	11
267	4902	9.17	21	846	150	110	72	312	164	106	966500	792530	695880	599230	1933	2352	1958	1933	25	0	2678	295	146	253	399	350	171	189	454	421	0	1	29	1
268	6429	18.79	52	423	213	111	137	484	189	364	1703460	1419550	1264690	1058210	2581	3375	2644	2581	63	0	3151	607	430	474	404	294	212	200	178	352	0	0	0	1
269	30935	68.64	191	1180	547	787	391	1131	626	741	7527550	5959240	5197940	4683920	13477	15276	13996	13477	519	137	14180	2030	1067	1626	2532	1235	1131	1083	1466	2010	8	2	23	6
270	5383	18.84	14	454	232	100	117	382	126	219	1482810	1138970	945560	795130	2149	2899	2195	2149	46	3	2704	478	294	345	361	342	179	174	245	286	0	0	15	1
271	13154	15.96	45	1033	315	249	518	1380	287	674	4626720	3525120	3194640	2533680	5508	7678	5751	5508	243	20	7515	1690	1113	1152	1200	502	317	479	391	671	0	0	37	1
272	5106	15.61	43	477	193	83	103	383	104	234	1399300	1079460	879560	779610	1999	2664	2058	1999	59	4	2669	458	282	317	360	314	216	214	194	314	0	0	8	1
273	8871	40.89	47	1101	275	130	147	678	253	329	2274060	1741740	1508560	1263840	3496	5082	3622	3497	125	11	4908	1003	495	669	627	569	282	338	415	510	0	0	4	2
274	5382	12.05	15	618	170	97	103	360	161	210	1402880	1183680	986400	854880	2192	2811	2230	2192	38	3	3116	420	277	418	478	325	216	322	285	375	0	0	0	1
275	81641	215.54	1448	6987	2877	1860	754	3058	2417	2744	16044750	13272490	11836900	10410970	34603	40320	35607	34608	999	115	38370	5094	3203	4764	4395	5550	2955	3158	3908	5343	2	1	68	8001007
276	9697	36.91	47	1114	320	160	179	770	180	320	2815660	2131620	1718680	1506490	3832	5127	3928	3832	96	8	5148	798	604	683	687	593	354	355	428	646	0	0	5	2
277	19930	31.38	90	2514	668	385	215	975	341	479	4184220	3424880	3044230	2607650	7892	8024	8036	7892	144	7	9832	973	562	903	1147	1172	659	1034	1550	1832	0	0	18	3
278	11967	35.27	93	1447	490	179	138	534	176	289	2769280	2204920	1821500	1604360	5019	5475	5102	5019	83	10	5619	639	314	578	601	910	441	476	701	959	0	0	5	3
279	154478	216.68	454	11636	4331	2976	4631	12539	3409	6030	40995340	33368680	29204570	24357400	61797	76287	64121	61804	2317	144	80916	12862	8892	10676	12312	7360	4130	7408	6342	10934	2	2	206	16
280	22304	65.52	328	2129	887	575	331	1243	544	637	4841540	3971190	3425310	3087930	9496	11733	9764	9495	269	30	11464	1828	859	1324	1277	1562	817	947	1197	1653	3	1	12	5
281	9276	24.31	45	466	304	144	317	453	302	283	2715020	2058360	1727220	1514600	3857	5243	3929	3855	74	3	4554	825	576	651	690	497	280	353	285	397	0	0	7	2
282	17498	44.83	116	2931	680	253	348	922	356	385	4484300	3483270	2857160	2418700	7129	8876	7412	7130	282	13	9278	1116	524	1078	1134	1405	614	687	1428	1292	0	0	9	3
283	16445	35.55	61	895	382	275	120	1154	450	799	3129580	2572170	2466920	2191280	6891	7593	7118	6891	227	38	6577	896	1081	740	753	771	562	483	451	840	2	1	28	3
284	153992	305.04	1017	8742	5573	3528	4614	7618	3273	4119	37894730	29898400	25047460	22312850	65217	72745	67773	65222	2551	256	72872	9621	7308	9104	9987	9043	4954	6581	6479	9795	1	3	152	5001019
285	5853	40.45	59	266	161	165	75	286	151	249	1567580	1217840	1074750	956900	2664	2969	2813	2662	151	80	2524	391	341	316	283	307	196	180	174	336	0	0	10	3
286	125940	275.59	539	8435	3817	2245	1777	9014	3415	5337	31937760	25044450	20641010	18333320	50783	59270	52346	50786	1560	113	59403	9012	7507	8035	7879	6344	3897	4939	4874	6916	1	2	114	1005013
287	10580	25.46	92	718	292	458	332	806	214	408	2501060	2008160	1947770	1670310	4929	5792	5220	4927	293	111	5437	1070	617	683	704	623	342	480	303	615	0	0	15	2
288	105040	257.72	516	8916	2899	2309	1562	6295	3228	4359	23460490	18939430	16248530	14610260	43728	53006	44946	43727	1219	122	52974	8213	6209	6845	6632	5849	3380	4389	4117	7340	2	2	99	2002015
289	15248	41.76	118	1513	557	215	312	633	394	340	3774020	2958720	2484560	2204740	6404	7369	6592	6404	188	18	7256	963	549	869	896	856	540	608	987	988	1	1	12	3
290	163483.000855	339.520003	788.000004	8735.000073	3718.000026	3468.000018	1753.000019	16067.000103	2867.000018	14033.00006	44668030.295	34334240.2175	29730130.17889	25675900.15786	65146.000351	71760.00049	67110.000361	65145.000351	1965.000011	297.000002	78076.000491	11462.00009	19231.0001	11159.000072	8944.000071	6632.000048	4691.000022	4500.000029	3589.000024	7868.000034	9	2	1538.99	2006020
291	27372	72.3	94	3407	1064	484	383	1988	654	910	7387320	5761140	4721130	4164450	11283	14092	11533	11283	250	18	14221	2250	1220	1776	1878	1736	978	1017	1684	1682	2	1	42	4
292	3261	14.57	42	225	132	79	46	271	68	93	996130	783840	669530	587880	1633	1811	1763	1632	131	28	1843	285	170	272	230	259	216	127	108	176	1	1	3	1
293	5266	15.71	47	459	163	134	130	362	248	209	1774080	1309440	1056000	887040	2112	3201	2150	2112	38	5	3166	625	339	546	493	291	210	229	179	254	0	0	5	1
294	22878	72.63	91	2495	600	511	414	1368	585	809	5133670	4130410	3669660	3177880	9551	12191	9750	9551	199	23	11280	2016	1200	1389	1464	1204	731	796	1037	1443	1	1	13	5
295	226233	467.43	877	18900	7634	4607	7346	13772	4630	7978	47519050	38835080	33619650	29891060	93708	111205	96902	93718	3184	276	112853	17992	11143	14206	15906	12542	7341	8427	9990	15306	7	1	195	6005024
296	21731	51.1	91	2651	564	513	283	1279	421	569	4427520	3576380	3058440	2674340	8835	10435	9077	8837	240	15	11197	1588	760	1208	1461	1201	642	742	1377	2218	1	0	45	4
297	6725	13.1	34	764	266	96	77	334	87	159	1270880	1054560	892320	757120	2704	3209	2772	2702	70	0	3236	386	157	307	403	505	290	231	484	473	0	0	1	1
298	23926	69.45	162	2166	752	633	211	1316	718	709	6323970	4912150	4267310	3671800	10650	11510	11009	10649	360	38	12086	1560	1111	1470	1421	1425	975	989	1321	1814	1	1	47	6
299	6306	13.02	30	723	248	73	51	297	81	119	1083030	944180	860870	749790	2777	2828	2941	2777	164	4	2841	326	137	259	319	453	214	199	424	510	0	0	5	1
300	56446	79.86	217	5276	1323	1289	801	4722	1118	2271	12175370	9917190	9001300	7926000	23832	27757	24511	23832	679	48	27892	4197	4009	3861	3640	2788	1764	2075	2319	3239	0	1	80	7
301	68247	112.4	245	9838	2157	1213	1062	3868	1394	1977	14352610	11602840	9921790	8683640	27393	33689	28361	27397	964	49	34896	4855	2894	4024	4378	4931	2234	2541	4615	4424	0	0	126	10
302	47058	99.74	108	4656	1398	775	744	2460	913	1321	8671060	7179030	6288240	5458640	19253	20658	19924	19249	675	26	21879	2876	1569	2281	2860	2589	1386	1648	2850	3820	0	1	46	8
303	6041	11.54	38	831	181	135	43	240	87	147	1191450	963300	836550	760500	2535	3159	2576	2535	41	3	2716	357	199	262	301	444	157	176	414	406	0	0	0	1
304	15667	27.33	51	1197	344	317	363	1275	395	1018	3975400	3205800	2870200	2569300	6655	9529	6799	6655	144	15	7764	1642	1530	1109	1149	591	431	460	286	566	0	0	6	2
305	16001	48.59	60	1716	484	340	232	1258	743	637	4682610	3602740	2948480	2587140	6663	8700	6823	6663	160	22	8696	1420	959	1283	1236	938	515	671	761	913	0	0	19	3
306	20600	47.41	70	2165	491	401	292	1395	1055	621	5831160	4447660	3596170	3121630	8305	9355	8591	8303	288	12	10552	1615	1064	1570	1402	950	647	697	1108	1499	1	1	44	3
307	4952	24.24	67	306	216	127	33	180	77	148	873480	744340	668980	603900	2158	2163	2246	2158	88	11	2098	230	138	159	202	391	196	166	245	371	0	1	1	2000
308	4708	12.19	41	492	164	150	23	151	200	75	1081200	846940	684760	576640	1802	2164	1831	1802	29	4	2205	231	94	279	261	343	170	133	284	410	0	0	18	1
309	61384	145.07	238	5871	1715	1347	756	3374	1238	2455	12939090	10595690	9319920	8403000	25872	29877	26756	25869	887	114	29880	4212	3277	3693	3896	3329	1955	2070	2714	4734	3	1	90	12
310	62313	102.52	300	8083	1814	1199	632	2974	1212	1901	12836160	10445340	8872450	8038770	25730	31423	26427	25733	694	39	30353	4159	2297	3474	3501	4318	2351	2402	3912	3939	0	1	59	9
311	43800	134.41	135	4761	1568	829	514	2262	812	1506	8943980	7350790	6393750	5709080	18629	21481	19374	18635	739	55	21976	3013	1798	2611	2707	2911	1766	1752	2555	2863	0	1	27	11
312	28140	296.37	451	590	653	1051	155	1008	778	1831	4195010	3643220	3475980	3096330	11032	12259	11536	11019	517	152	11212	1313	1757	1358	1483	1394	791	893	604	1619	2	2	10	6000008
313	3719	17.84	56	232	122	70	49	243	109	201	1016870	800160	700140	616790	1667	1865	1706	1667	39	4	1818	313	251	212	240	209	132	142	120	199	0	0	0	1
314	3792	14.32	22	489	143	49	46	186	77	181	849520	667480	561290	500610	1517	2208	1542	1517	25	5	1977	295	207	235	228	279	143	133	249	208	0	0	1	1000
315	8757	27.12	72	1194	281	244	87	450	443	189	2295870	1798410	1494940	1319730	3692	4579	3840	3692	148	7	4790	588	273	655	652	603	287	344	659	729	0	0	2	2
316	2203	18.44	13	241	50	35	65	156	58	120	639750	477680	409440	349730	853	1331	892	855	37	3	1208	294	180	172	160	89	54	69	77	113	0	0	2	1000
317	9746	27.82	85	1105	309	189	141	566	178	371	2089990	1712300	1457220	1368430	4087	4733	4238	4086	152	3	4803	743	498	606	536	634	345	384	485	572	1	0	5	2
318	5096	15.82	30	640	140	102	58	154	78	105	1077120	865920	718080	654720	2112	2318	2165	2112	53	7	2171	194	111	201	223	379	195	194	295	379	0	0	7	1
319	3258	9.44	19	424	106	74	10	104	45	60	459900	407340	407340	315360	1314	1223	1352	1315	37	5	1437	126	74	108	128	214	94	176	226	291	0	0	0	1
320	45447	75.73	89	7273	1000	739	300	1833	567	879	7655290	6427550	5805140	4907930	18854	16579	19435	18853	582	19	20842	1855	879	1731	2319	2396	1154	1605	4230	4673	1	1	61	9
321	2260	17.22	10	250	70	52	77	149	46	82	640940	482900	377540	342420	878	1411	885	874	11	3	1322	278	129	223	201	124	68	104	80	115	0	0	0	1000
322	8622	24.83	41	974	317	171	183	424	207	326	1870900	1551440	1285930	1161460	3526	4857	3586	3528	58	5	4201	734	419	571	613	520	240	288	360	456	0	0	6	2
323	5858	29.56	50	686	183	174	71	325	141	261	1334930	1057380	1005540	898920	2641	3180	2725	2641	84	27	3012	577	353	340	324	348	198	196	308	368	0	0	4	2
324	68611	174.26	266	4755	2260	1924	661	2595	1289	1535	14275750	11659000	9919580	8776370	29565	29420	30997	29564	1433	173	27812	3087	1832	2967	3071	4138	2420	2514	3520	4263	3	3	65	11
325	489722	545.42	1535	48084	11618	10006	8210	22342	8985	18274	92416870	77131520	66394080	60622050	199467	209880	205452	199463	5989	220	217629	26711	21120	25739	28747	27743	14802	17179	25040	30548	8	6	615	2003043
326	3057	19.98	7	245	74	40	149	159	81	82	824320	644000	540960	463680	1288	1505	1313	1287	26	0	1458	261	138	219	209	142	97	145	120	127	0	0	0	1
327	3448	11.29	15	337	118	91	21	144	46	69	616590	537540	505920	442680	1581	1358	1638	1582	56	4	1529	149	86	130	165	206	103	107	243	340	1	1	0	1
328	6547	43.32	52	601	291	112	140	274	151	162	1512540	1199040	1012410	920260	2724	3243	2797	2722	75	0	3005	401	207	292	392	447	220	243	397	406	0	1	0	3
329	19732	46.88	70	2071	757	347	656	1054	593	760	4546710	3631960	3009220	2697080	7818	10862	7950	7820	130	3	10721	1741	1013	1510	1585	1350	658	836	944	1084	0	1	6	4
330	5362	32.72	53	401	194	121	208	282	130	219	1457230	1154390	1021860	900210	2433	2966	2517	2431	86	15	2601	381	306	348	368	319	184	195	200	300	2	0	2	2
331	3541	34.32	37	222	122	66	26	112	65	117	811270	665220	603970	559680	1696	1745	1794	1702	92	5	1350	170	108	137	155	186	96	108	181	209	0	1	0	2000
332	144139	274.28	715	11025	3804	2949	4666	7496	3634	4169	34278520	27247650	23054790	20118670	60684	64023	63297	60686	2611	172	67199	9119	6027	8423	9564	7369	4545	6185	6429	9538	3	1	151	1002018
333	54283	92.01	136	6639	1796	1276	875	2682	908	1523	10885560	8761140	7081400	6280250	20652	26125	20886	20655	231	15	27245	3614	1679	2835	3487	3724	1548	2318	3810	4230	0	1	22	7
334	6771	11.72	23	915	213	179	104	274	113	240	1326720	1077960	939760	829200	2764	3275	2783	2764	19	0	3378	399	235	351	441	476	210	269	449	548	0	0	26	1
335	2438545	2113.48	5277	210563	66737	45998	40823	113131	44532	79429	439667180	370663710	323712910	286385030	984268	982926	1017968	984282	33686	1221	1005374	130975	100089	118194	138744	127937	66322	76952	116930	129231	21	78	2212	14009171
336	54048	143.56	256	3035	1718	1770	488	1966	913	1076	11290900	9156710	7761970	6791150	23476	22250	24242	23476	766	162	21997	2619	1284	2395	2578	3075	1868	2140	2458	3580	2	0	50	1008
337	19525	65.85	130	1986	671	530	372	967	656	818	4299620	3418510	3073350	2694130	8419	9712	8721	8414	307	39	9785	1573	971	1293	1037	1258	678	765	955	1255	1	1	38	4
338	2811	18.36	17	231	61	79	60	159	90	209	596220	470700	418400	376560	1046	1334	1073	1046	27	7	1327	289	203	184	140	129	85	77	78	142	0	1	14	1000
339	4681	18.82	13	175	163	231	38	156	47	91	944640	767520	649440	570720	1968	1859	2053	1968	85	3	1747	280	81	140	181	257	165	182	169	292	0	0	0	1
340	472586	620.39	1347	45521	12066	8682	7605	19773	9474	17659	83272360	69219640	59902740	53678190	188193	194227	194650	188192	6458	316	207861	25749	20898	24695	26864	24158	13772	17053	26428	28244	3	3	354	1006051
341	19260	65.89	65	2453	928	353	279	817	455	596	4176920	3344760	2683860	2496300	7604	10435	7742	7604	138	7	9986	1263	645	1205	1271	1711	719	758	1221	1193	0	0	9	5
342	15940	57.9	228	1572	498	226	137	605	241	408	3239360	2672170	2237940	1975820	6762	6875	7016	6763	253	4	6566	686	348	612	613	899	464	503	1092	1349	0	0	3	5
343	18911	58.28	92	1656	540	418	337	1107	481	959	4043700	3303780	2898890	2592080	7887	9480	8128	7884	244	12	8939	1467	1242	1107	1024	955	549	646	782	1167	1	3	18	4
344	5814	9.93	34	839	261	80	75	240	104	198	1193500	954800	811580	716100	2387	2893	2437	2386	51	3	2991	335	186	327	374	527	213	263	419	347	0	0	1	1
345	4490	17.07	64	440	143	58	100	202	151	117	1062720	865920	728160	649440	1968	2384	2003	1968	35	0	2213	257	111	251	273	333	189	237	269	293	0	0	0	1
346	4528	22.66	12	263	146	206	82	184	93	88	1094580	871610	729720	668910	2027	2316	2063	2027	36	10	2042	264	96	245	276	286	175	194	199	307	0	0	0	1
347	2809	11.61	10	405	171	59	64	138	60	92	666900	482220	379620	348840	1026	1595	1059	1026	33	0	1619	199	89	167	243	282	107	120	222	190	0	0	1	1000
348	269241.998057	673.219995	2064.999994	17012.999877	9647.99994	6342.999947	9896.999867	13604.999875	6227.99993	9694.999934	68196249.40829	53993579.55376	45397409.61863	39774889.67564	116769.999189	131432.998919	121195.999169	116768.999189	4426.99998	608.999997	125450.998974	16874.999817	13682.999868	17158.999816	15928.999846	15723.999906	8523.999941	11566.999914	9679.99995	16309.999916	7	6	377.99	14009027
349	72825	150.27	248	8052	3384	1422	992	3044	1742	2254	14990230	12266890	10098390	9143410	29211	36421	29835	29217	618	24	35145	4796	2358	4023	4390	5500	2359	2918	4262	4539	1	3	28	12
350	141711	328.76	681	17558	3833	2868	2018	7158	5615	4302	28216230	23159060	19732770	17510900	57163	65306	58740	57158	1582	81	66187	8773	5587	7746	8227	8018	3854	5146	9132	9704	1	3	173	1001025
351	6662	14.01	26	707	239	120	124	415	159	273	1479230	1200130	1032670	893120	2791	3708	2844	2789	55	6	3503	588	370	481	476	437	246	243	315	347	0	0	5	1
352	5423	17.48	27	376	205	100	324	294	190	174	1536240	1141800	954960	809640	2076	3007	2118	2076	42	4	2909	497	227	467	453	310	199	294	219	243	0	0	1	1
353	2632	20.13	7	240	84	48	49	187	59	175	734140	568700	475640	444620	1034	1661	1068	1035	33	6	1317	368	258	181	170	84	62	59	55	80	1	0	1	1
354	79089	252.94	650	4654	2758	1997	894	3802	2713	3344	16551460	13610300	12156630	11012270	33589	38898	34587	33591	996	88	38012	5210	4296	5211	4741	4685	3022	3195	2885	4767	3	1	40	2002014
355	8821	20.93	45	988	376	207	96	374	165	286	1643140	1333320	1206400	1041420	3658	4114	3842	3660	182	7	4271	488	262	382	474	616	310	310	649	780	1	0	18	2
356	9714	27.55	35	1073	371	190	122	460	210	323	1869360	1562220	1308660	1228560	4005	4433	4107	4005	102	3	4504	520	291	478	488	668	323	346	689	701	0	0	15	2
357	35616	104.85	105	2842	727	1051	282	1659	514	1886	5411970	4536030	4061300	3574980	12925	12836	13349	12924	425	36	14337	1503	2030	1577	1512	1568	932	1232	1384	2599	2	0	25	6
358	11015	66	98	988	380	204	192	565	546	554	2323420	1867580	1663540	1515940	4558	6028	4640	4555	85	6	5397	864	625	736	757	532	363	330	485	705	0	0	5	4
359	23446	50.02	112	3378	811	403	198	1052	359	642	4484500	3678940	3232940	2941260	9712	11779	9961	9714	247	8	11553	1330	705	1181	1256	1708	797	914	1908	1754	4	0	22	4
360	26865	64.69	207	2768	786	641	268	1029	666	819	6339780	5059480	4371870	3811400	11926	12418	12572	11923	649	68	12601	1478	924	1519	1412	1430	986	1084	1626	2142	1	1	3	6
361	4397	12.89	74	377	117	67	79	226	108	127	927360	772800	676200	637560	1932	2379	1969	1931	38	4	2113	337	176	264	271	204	133	168	290	270	0	0	1	1
362	6457	13.89	162	556	245	89	52	239	54	116	1099640	980760	891600	832160	2972	3337	3103	2972	131	10	2638	335	142	212	248	373	211	172	519	426	0	0	1	1000
363	47859	107.85	163	3598	1329	1081	484	2350	2460	1802	9783330	8125960	7041120	6230060	20030	21828	20667	20025	642	24	22971	2756	2301	3431	3068	2389	1701	1885	2081	3359	0	0	20	9
364	54036	82.5	186	5699	1652	1135	386	2330	740	1520	9744610	8133500	7059510	6404660	22093	22386	23140	22097	1043	31	23731	2940	1817	2479	2648	2987	1680	1874	3352	3954	0	0	33	8
365	2463	17.05	39	149	81	62	12	104	64	104	456740	378760	356480	323060	1114	1200	1149	1115	34	8	1024	122	94	96	107	164	96	81	115	149	0	1	5	1000
366	2451	15.06	43	310	76	59	22	122	58	71	472500	388500	346500	315000	1050	1270	1063	1049	14	0	1224	155	73	166	142	189	80	73	167	179	0	1	0	1000
367	15613	76.93	151	1213	487	374	150	691	249	530	2981360	2510910	2362950	2060170	7031	7057	7289	7027	262	20	7130	959	531	765	737	957	573	672	817	1119	1	0	11	6
368	4067	15.6	44	381	142	88	70	160	123	108	973500	778800	654900	584100	1770	2051	1808	1770	38	5	1891	225	113	219	233	294	168	156	194	289	0	0	0	1
369	10302	29.83	37	1088	210	254	150	603	408	519	2449920	1954680	1662040	1501960	4252	5713	4358	4251	107	7	5224	928	693	752	650	487	347	302	448	617	0	0	12	2
370	10407	46.68	121	1113	349	221	99	443	359	307	2076600	1728410	1556570	1393550	4519	5179	4648	4519	129	8	4881	690	448	603	465	550	326	307	700	792	0	0	1	3
371	42308	145.09	349	3950	1388	1013	402	1590	1416	1169	7990850	6588150	5761960	5087140	17621	18910	18190	17622	568	21	19930	2684	1343	2171	2281	2503	1412	1800	2582	3154	1	1	30	1009
372	263015	315.51	838	25893	6684	5709	3290	13877	4579	9478	49139650	40787270	35627070	32565960	108905	115351	115426	108902	6524	300	116112	16036	12968	15241	14256	13473	7891	9325	11691	15231	4	5	185	3004019
373	7749	32.21	74	300	205	368	83	243	118	196	1686870	1356480	1248140	1118760	3671	3343	4141	3671	470	293	2973	471	209	296	273	418	296	274	250	486	1	2	3	2000
374	7143	31.73	53	225	253	277	94	217	108	210	1565860	1281590	1186310	1084670	3335	3421	3779	3335	444	310	2623	440	231	289	241	394	272	230	169	357	1	1	0	2000
375	1833	12.3	8	162	27	28	7	28	4	22	214200	214200	198900	153000	765	458	873	762	111	0	493	24	15	26	26	68	41	59	143	91	2	0	0	1
376	39816	87.48	93	5342	1564	689	404	1429	739	1055	7279470	6021880	5261840	4614700	16692	16767	17358	16693	665	13	18352	2066	1016	1755	2069	2976	1229	1451	2965	2825	0	0	24	1008
377	2645	16.09	44	221	85	75	20	121	155	92	494870	422450	386240	325890	1207	1168	1256	1207	49	0	1338	163	86	183	148	151	99	76	174	258	1	1	1	1
378	28038	82.6	643	2296	751	465	162	925	440	653	4901050	4118160	3805600	3358820	12491	12084	13023	12490	533	41	12411	1199	623	1207	1204	1562	1017	1137	1900	2562	1	1	20	9
379	4035	13.92	34	504	161	88	37	155	58	146	747500	617500	552500	503750	1625	1850	1659	1625	34	5	1915	330	170	179	175	231	144	141	289	256	0	0	12	1000
380	7882	38.05	31	1011	222	127	66	252	142	213	1231300	1078280	952650	858330	3144	3298	3195	3143	52	0	3356	272	199	387	370	473	308	260	634	453	2	0	3	3
381	9389	10.2	27	970	365	130	98	340	139	239	1583200	1345720	1226980	1068660	3958	3675	4098	3957	141	6	3872	419	242	349	433	618	252	352	556	651	0	0	6	1
382	633949	1193.49	1981	45205	18773	13626	9893	33897	15018	25769	122145360	101610880	90750540	80084290	270551	267343	278499	270566	7933	356	279745	39614	34490	36990	36198	30800	17508	22507	25191	36447	8	17	562	9012074
383	16040	30.65	42	2312	681	250	117	598	294	480	2989350	2457910	2125920	1949440	6643	7205	6901	6641	260	7	7463	895	444	720	773	1253	435	601	1149	1193	0	0	4	3
384	3342	12.23	8	352	124	63	67	123	95	124	745250	609750	487800	474250	1355	1930	1395	1357	38	3	1665	234	134	232	215	272	117	123	156	182	0	0	1	1
385	10976	26.28	28	1554	400	188	159	650	312	456	2449760	1962560	1707040	1545200	4600	5844	4737	4600	137	7	5731	923	670	772	716	685	362	387	652	564	2	1	21	2
386	13307	22.49	44	1360	520	224	183	645	364	390	2459020	2058900	1858270	1658780	5716	5742	5865	5716	149	3	6356	699	361	729	912	990	472	583	755	855	0	0	3	2
387	14162	20.46	40	2037	586	260	121	508	352	383	2724550	2186800	1947800	1768550	5975	6511	6139	5975	164	18	6593	821	446	693	804	1012	368	494	1004	951	0	0	17	2
388	38171	168.11	85	4023	969	736	453	1274	848	1136	6537840	5616720	5098030	4576710	16072	16220	16613	16081	532	6	16076	1560	1425	2025	1885	1808	1227	1544	2369	2233	1	1	18	16
389	8037	33.01	22	991	237	129	101	266	148	188	1363980	1145300	1061630	978760	3326	3504	3454	3330	124	6	3637	323	217	410	398	480	271	342	639	557	0	0	5	3
390	2197	15.91	35	120	73	44	32	123	61	149	462060	380520	335220	298980	906	1207	927	906	21	3	1046	171	174	148	122	110	74	58	70	119	0	0	3	1000
391	406534	590	1503	44838	12678	7779	4275	14628	6333	12095	77791100	65384090	56866860	51422150	173344	179077	180261	173342	6919	171	176002	20528	12966	18787	19386	30072	12784	14688	22131	24660	2	6	204	6002047
392	24237	69.67	113	2471	845	511	201	1004	463	618	4313420	3617170	3228950	2835830	10306	9799	10722	10309	413	11	10724	1229	701	1093	1064	1589	779	947	1505	1817	0	1	17	5
393	7928	9.83	14	1017	213	147	44	243	136	164	1291240	1087360	1019400	883480	3398	2939	3551	3396	155	4	3186	315	165	267	364	412	203	218	587	655	0	1	3	1
394	11208	25.5	29	1485	313	190	104	402	203	253	1967310	1630670	1420230	1283460	4559	4806	4695	4559	136	6	4841	618	278	497	523	661	282	339	808	835	0	0	19	2
395	5996	12.75	19	769	157	90	50	167	68	111	995820	853560	735010	663880	2371	2357	2455	2372	83	0	2313	223	130	229	191	383	226	159	421	351	0	0	2	1
396	4730	10.25	25	533	118	84	196	174	107	199	994000	815080	695800	656040	1988	2409	2048	1988	60	4	2351	342	241	285	296	310	169	159	261	288	0	0	1	1
397	1650	14.24	4	164	76	37	33	56	23	48	299040	249200	227840	199360	712	842	735	711	24	3	736	81	55	78	86	104	58	79	95	100	0	1	0	1000
398	91077	233.97	546	8209	2291	2001	1020	3843	1707	3040	18335400	15182610	12923020	11525750	37890	42169	39342	37887	1455	40	41795	5560	3738	4851	4821	5439	3269	3651	4177	6289	2	2	59	2017
399	11257	9.37	26	1324	400	171	73	319	144	181	1849380	1564860	1422600	1232920	4742	4149	4911	4743	168	6	4426	397	166	386	454	719	307	404	802	791	0	0	0	1
400	5491	15.63	44	497	158	131	107	332	76	209	1253070	1031940	884520	810810	2457	3054	2519	2456	63	10	2538	447	341	312	282	286	179	164	208	319	0	0	0	1
401	2304	13.71	9	96	62	70	9	57	53	33	268540	250020	212980	175940	926	616	942	926	16	3	684	47	29	61	66	102	72	51	74	182	0	0	2	1000
402	3696	12.03	12	346	152	59	19	91	69	76	585710	506560	459070	395750	1583	1475	1620	1583	37	0	1443	145	76	116	145	208	138	117	213	285	0	0	2	1
403	16896	54.62	131	2133	458	333	285	1059	257	514	3813300	3114740	2706320	2385880	7215	8925	7417	7213	204	10	8217	1357	897	1074	918	1013	591	527	894	946	0	1	17	4
404	7613	46.39	26	763	193	177	116	353	239	374	1467910	1228780	1120150	992780	3161	3715	3259	3161	98	9	3482	451	495	456	400	403	223	256	353	445	0	0	13	3000
405	8587	28.61	36	1089	292	183	213	322	206	200	1556240	1308980	1202630	1060830	3545	4394	3627	3544	83	4	4051	468	289	511	497	598	300	335	552	501	0	0	1	2
406	79134	182.07	301	6386	2956	1639	774	2593	1727	2008	13447050	11346950	10228590	9055710	33627	33322	35494	33627	1867	49	32776	3709	1846	3643	3820	4722	2652	3016	4212	5156	1	2	42	16
407	8930	24.32	43	799	276	150	108	405	144	245	1695600	1395190	1165380	1059240	3530	4177	3617	3530	87	10	3924	491	290	431	448	462	316	318	517	651	0	0	0	2
408	1997	15.36	25	123	57	55	12	89	37	76	356400	311850	311850	276210	891	977	1005	890	115	4	934	113	106	162	90	108	125	42	76	112	0	0	1	1000
409	6255	16.39	51	730	199	142	141	364	134	178	1454640	1178760	953040	877800	2508	3607	2587	2508	79	10	3239	577	310	422	417	353	250	221	320	369	0	0	5	1
410	2269	12.56	10	103	89	49	14	54	34	113	344160	296360	277240	239000	956	962	1010	956	54	5	907	83	85	112	94	125	78	69	139	122	0	0	1	1000
411	8350	52.19	30	631	225	143	36	181	108	136	1201610	1052390	980410	894120	3504	2885	3634	3504	130	3	2657	238	90	202	230	452	243	212	414	576	0	1	8	4
412	5697	15.4	15	872	153	92	166	227	141	139	1140700	912560	746640	663680	2074	3122	2103	2074	29	3	2863	330	227	388	410	350	162	242	421	333	0	0	7	1
413	6265	31.55	19	755	138	148	69	210	102	109	958810	850240	761730	683100	2621	2417	2716	2625	91	3	2574	222	105	231	278	309	176	247	514	492	0	2	3	3
414	89456	321.24	471	5907	1900	2736	2741	5338	2076	3364	19737670	16274520	14450340	12949820	38637	41298	40443	38642	1801	147	41133	6366	6107	5831	4835	3812	2451	3911	2769	5051	2	2	46	1001019
415	3762	13.7	24	291	95	69	33	146	89	114	596980	518430	471300	424170	1571	1699	1639	1572	67	0	1596	171	115	172	210	204	151	125	204	244	0	0	2	1
416	11179	138.55	43	274	220	407	62	265	179	508	1330120	1211400	1172470	969470	4246	3510	4389	4252	137	14	3738	345	448	384	397	417	277	498	228	744	1	1	7	6
417	78594	167.61	294	6119	2392	1488	870	3404	2074	2636	15102620	12523460	11463220	10196970	34669	36307	36001	34668	1333	43	34941	5048	3341	4537	4853	4042	2502	2665	3370	4583	1	1	53	2013
418	138166	384.29	1266	8995	4992	3242	1111	5566	4605	4507	25174470	21083020	18857630	16765100	58506	62154	60918	58498	2420	194	61701	7515	5480	8276	7281	7679	4739	5955	5800	8976	3	3	78	2008017
419	8358	20.56	29	844	229	240	76	269	149	227	1446990	1214630	1126090	983250	3571	3223	3691	3571	120	13	3756	452	272	360	328	506	335	302	494	707	2	0	108	2
420	4178	9.7	18	461	144	104	27	140	69	92	746760	622300	551180	480060	1778	1781	1861	1780	81	3	1952	186	82	180	233	263	204	157	294	353	0	0	0	1
421	19180	42.78	123	1583	578	484	407	1190	315	658	4094580	3347500	2895240	2572020	8058	9445	8303	8060	243	12	9342	1514	971	1221	976	963	677	775	881	1364	0	2	8	3
422	5527	14	53	488	170	149	82	273	109	176	1140000	934800	798000	706800	2280	2889	2355	2280	75	5	2678	331	221	328	341	311	215	253	289	389	0	0	2	1
423	56945	151.56	436	6089	1539	1263	1239	4157	889	1813	13455680	11051010	9697130	8564930	24397	30024	25516	24400	1116	65	28688	4907	3742	4208	3365	2986	2149	1950	2198	3183	0	1	57	2001010
424	1835	15.45	5	156	45	35	12	39	23	35	264320	231280	239540	206500	826	634	873	826	47	3	597	66	45	49	49	90	45	43	100	110	0	0	0	1
425	7034	31.7	28	618	208	161	125	379	196	363	1586660	1295530	1091700	1004370	2911	4013	2992	2909	83	6	3376	464	453	521	413	409	290	240	267	319	0	0	2	2
426	52942	138.1	149	5631	1531	1257	1151	2384	1212	1377	10947450	8908820	7338090	6510900	20923	24605	21433	20922	511	19	24774	2880	1934	3092	3266	2890	1697	2645	3187	3183	1	2	15	11
427	2606	18.48	18	168	65	50	74	283	37	121	739010	595620	507380	485320	1103	1584	1130	1103	27	0	1234	333	236	197	149	79	64	60	39	77	0	0	2	1
428	3444	15.07	11	148	100	59	36	91	73	94	557280	479880	479880	448920	1548	1547	1629	1548	81	4	1238	143	89	169	159	160	136	110	121	151	0	0	0	1
429	7626	33.2	39	322	226	199	85	231	252	302	1234710	1074560	992930	896840	3203	3463	3333	3205	128	20	3084	381	291	386	360	389	347	267	255	408	0	0	6	2
430	2535	14.62	18	290	59	78	53	277	53	108	732000	576000	516000	468000	1200	1564	1277	1198	79	10	1433	322	219	270	164	129	81	59	88	101	0	0	6	1000
431	5105	13.66	32	355	135	156	116	387	61	133	1141210	931600	838440	721990	2329	2567	2414	2329	85	4	2277	353	291	328	254	227	205	147	165	307	0	0	15	1
432	4828	16.91	20	317	108	96	141	495	95	236	1392310	1117770	941280	882450	1961	3119	2032	1961	71	4	2338	599	458	397	291	141	119	124	55	154	0	0	3	1
433	7110	16.59	29	180	151	187	85	226	150	243	1255780	1052140	1086080	984260	3394	3603	3576	3394	182	47	2353	407	287	317	288	273	204	197	109	271	2	0	3	1
434	4370	12.2	27	583	143	92	58	228	100	175	923520	728160	621600	586080	1776	2269	1831	1776	55	8	2187	273	208	237	272	287	164	142	275	329	0	1	7	1000
435	4787	12.13	20	127	102	299	35	117	83	97	674880	611610	590520	485070	2109	1629	2173	2109	64	27	1704	192	80	161	143	203	175	208	152	390	0	0	3	1
436	20336	55.28	66	994	593	547	159	547	400	378	2914790	2615500	2477020	2192810	8787	7813	9071	8787	284	8	7454	882	419	781	837	1035	795	796	730	1179	1	1	4	4
437	14118	28.35	39	1454	509	283	206	540	338	475	2801320	2275620	1980950	1748110	5821	6919	5973	5819	154	4	6810	895	563	824	837	820	530	518	853	970	0	1	5	2
438	14383	44.68	63	1136	441	303	105	413	281	414	2482530	2086830	1950630	1698870	6294	6358	6524	6296	228	11	6190	674	432	693	628	819	647	613	834	850	0	2	3	3
439	11237	120.56	39	863	225	297	48	259	266	188	1504680	1344820	1285120	1073650	4951	3765	5171	4949	222	6	3919	337	151	354	350	584	391	369	596	787	1	1	2	7
440	46161	88.57	74	4299	1078	931	389	1922	1085	1029	8131840	6721760	5678150	4832590	18308	17835	19081	18306	775	28	19122	1908	1142	2058	2641	1983	1411	1912	2720	3347	1	2	23	8
441	11987	46.2	52	569	324	278	107	340	239	234	1945530	1710340	1680110	1554470	5497	5549	5760	5497	263	61	4191	505	292	495	512	582	464	423	379	539	3	1	2	3
442	1894	12.49	9	69	41	86	3	33	12	21	257700	231930	223340	206160	859	741	938	860	78	31	514	102	9	21	40	87	61	48	49	97	1	0	1	1
443	37336	68.11	84	3084	1016	666	361	1462	852	1126	6978630	5731560	4904680	4255580	15295	15271	15772	15293	479	9	16203	1844	1252	1771	2076	1743	1209	2006	2136	2166	0	2	17	6
444	9066	56.66	101	781	289	215	63	315	157	338	1565190	1335740	1228530	1068660	3983	3811	4168	3985	183	20	3984	455	334	452	380	493	403	357	524	586	1	0	2	4
445	12602	27.25	95	1311	354	167	62	345	248	245	1915560	1653810	1444410	1235010	5235	4715	5540	5235	305	11	5009	444	205	433	473	865	447	459	761	922	0	0	18	2
446	112718	161.72	317	8553	3356	2304	1649	6813	2457	3306	23760910	19489660	16619680	14595760	46461	52514	47642	46467	1175	38	54081	7536	5067	7104	7113	5372	3533	5867	4986	7503	0	2	76	13
447	26504	112.88	88	2834	837	472	462	1447	681	1300	5576920	4534300	3843210	3497410	10738	11918	10970	10735	235	16	12966	1932	1540	1858	1538	1442	944	799	1425	1488	0	2	17	8
448	11242	13.17	24	753	356	198	120	460	199	337	1970050	1681750	1537600	1297350	4805	4463	5007	4805	202	4	4565	560	383	556	575	543	391	403	501	653	0	1	7	1
449	1188864.001342	1259.990003	2217.000005	59386.000069	28844.000041	20467.00002	20837.000017	45562.000051	34041.000027	40057.000033	206014480.2071	174639590.17985	152783800.1526	135388820.13625	499066.000545	420390.000466	520645.000556	499058.000545	21587.000011	553	449951.000469	51852.000054	47395.000032	59302.000048	65956.000066	47314.000064	38375.000043	40800.000038	42557.000057	56400.000066	16	76	590.99	2104
450	10141	12.38	21	907	462	222	108	295	212	271	1982140	1766690	1421970	1206520	4309	4147	4461	4309	152	6	4133	488	222	412	481	671	328	354	510	667	0	1	4	1
451	836012	792.18	2159	61826	27602	17500	14706	35035	18439	31197	173510460	150853490	118924190	104997710	351023	336140	363333	351023	12310	436	357703	42924	37031	43186	44584	45142	26559	33125	37017	48135	9	13	910	2007057
452	28897	28.8	118	1463	868	430	953	1174	1265	1128	5978560	4915680	4021920	3686760	11172	14173	11371	11172	199	10	13015	1758	1328	2030	2291	1465	944	1254	885	1060	2	1	17	2
453	183714	193.19	702	12216	6640	3606	2017	6473	4458	5609	36585530	32197360	25069690	22709500	76794	75451	79855	76794	3061	121	76734	9233	5703	9007	8821	9958	6114	7629	8579	11690	2	4	174	1013
454	10538	14.43	22	686	354	130	62	294	108	176	1756800	1581120	1273680	1098000	4392	3457	4652	4392	260	0	3145	244	132	247	264	529	254	358	499	618	0	2	1	1000
455	30351	62.55	157	3348	722	458	588	1079	401	789	4820650	4112760	3604770	2959220	12224	10577	12650	12231	419	3	12157	1070	705	1135	1276	1366	1011	1030	2362	2202	0	0	8	6
456	102036	118.04	232	8189	3493	1964	877	3293	2130	2824	20070220	17609490	14135310	12376160	43688	39346	45463	43692	1771	41	41354	4131	2589	4394	4461	5909	3382	3660	5957	6871	1	2	49	11
457	11216	29.2	111	590	294	259	262	469	381	644	2324500	1897780	1684420	1542010	4747	5531	4857	4747	110	0	5115	645	701	782	716	506	425	390	337	613	0	1	8	2
458	16040	15.26	68	1021	541	249	132	446	291	370	2928150	2602800	2017170	1756890	6507	6003	6679	6507	172	3	6193	621	308	564	644	834	546	720	874	1082	0	1	11	1000
459	154597	231.68	693	13677	4712	3241	1145	4931	2668	4493	30030650	26470690	20519860	18177530	64653	60891	67716	64649	3067	360	64892	7108	4710	7158	7006	8683	4704	5756	10103	9664	9	6	53	1003013
460	83817	98.53	374	9667	2623	1819	782	2483	1352	2243	16406890	14397280	11426810	10081050	35434	35612	36832	35434	1398	62	35882	3263	2443	3710	3899	4968	2511	2837	5520	6731	2	1	40	1008
461	2555850	2608.88	5817	184986	74577	51832	45864	132709	53682	89094	498699280	416114970	366922630	323789700	1071556	1047982	1125227	1071541	53686	1644	1113405	150712	117993	144396	151158	123822	82320	91937	110602	140465	38	98	2090	3006224
462	40393	43.44	226	1913	1234	1000	620	1581	1424	1575	7825990	6477310	5561530	5124030	16238	17771	16638	16239	399	20	18499	2630	1888	2572	2219	2260	1879	1634	1231	2186	0	2	27	3
463	5455	14.24	18	560	176	90	67	256	155	214	1107600	915900	766800	724200	2130	2686	2202	2130	72	3	2568	433	305	382	311	265	182	170	307	213	0	0	0	1
464	22643	75.25	132	2129	764	419	289	1185	853	687	4582000	3793870	3212420	2909410	9408	10600	9687	9405	282	9	10645	1385	878	1234	1488	1415	862	838	1205	1340	0	1	15	6
465	45304	94.43	208	3563	1566	987	583	2280	1381	1564	9149010	7485010	6642240	5925160	19145	21042	19812	19145	667	17	21221	2949	2176	2601	2567	2574	1705	1617	2190	2842	1	1	26	7
466	18741	28.79	146	1684	610	349	121	600	334	418	3615020	3207940	2476380	2193200	8112	7032	8634	8112	522	8	8021	714	396	702	870	1160	607	708	1254	1610	0	1	13	2
467	38461	33.15	78	3140	1046	692	433	1273	653	673	7320230	6439790	5185160	4587570	16366	13855	17024	16366	658	10	15526	1448	641	1365	1738	2031	1107	1557	2434	3205	2	2	25	3
468	53213	45.31	91	5184	1279	849	2147	2041	830	1571	10607290	9331020	7127770	6562360	21978	18705	23424	21981	1443	63	22322	2687	2098	2722	2832	2705	1670	1663	3063	2882	0	0	31	5
469	4036	14.89	7	217	72	81	123	277	138	153	1016400	794640	739200	702240	1848	2211	1963	1849	114	25	1630	382	322	247	217	112	102	111	44	93	1	1	0	1
470	144999	252.11	326	15667	2972	2509	1005	4584	2491	4417	24223960	20424480	17486130	16098690	56365	53370	59727	56361	3366	69	57187	7113	4831	6339	6916	7395	4758	4183	8428	7224	3	6	0	1000024
471	3839	14.99	33	289	159	60	65	169	104	147	866400	729600	547200	532000	1520	1787	1570	1520	50	5	1821	226	146	216	237	286	149	207	174	180	0	0	0	1
472	7127	25.99	67	683	207	191	143	363	337	253	1471480	1196690	1053490	921900	2864	3373	2963	2864	99	3	3404	457	381	453	464	437	280	227	278	427	0	0	0	2
473	190674	442.79	886	15001	5193	3872	2655	8762	7500	6750	37458360	31199920	26900110	24082000	78423	83958	81007	78407	2600	94	86494	11088	9467	11045	12249	9853	5997	8268	7745	10782	4	3	122	2001035
474	38675	70.03	89	4088	788	705	220	994	509	927	6103910	5253800	4657600	4280240	15518	12611	16800	15519	1281	13	14382	1476	822	1353	1408	2132	1344	1208	2536	2103	0	2	0	8
475	89542	141.63	217	11176	1966	1624	966	2805	1642	2384	16249860	13597640	11805400	10746560	36796	33543	39802	36796	3006	46	38098	4565	2954	4360	4101	5157	3126	3252	5619	4964	1	5	0	1000014
476	350600	393.09	2227	28697	10655	7238	2899	13175	7483	11483	71511850	62486310	47765750	42524090	147977	132425	156752	147983	8769	300	146933	16473	12243	17654	18083	20793	10749	13049	15729	22160	8	5	183	1003028
477	33894	64.52	52	3603	469	418	164	954	499	708	4669450	4044680	3556210	3369400	12851	10002	14259	12849	1410	26	11528	1161	674	1049	1123	1547	960	1063	2241	1710	3	2	0	7
478	1685831	1046.92	4488	131499	46832	34567	40864	81946	35997	62418	361782310	314575020	237044870	216967240	690684	675081	722062	690682	31380	1218	744177	101515	76420	95377	100460	84154	52780	63200	73129	97142	24	47	1199	5091
479	11279	19.44	36	1443	261	193	69	322	156	277	1867860	1584000	1466610	1277370	4731	4022	4979	4731	248	8	4481	523	295	421	442	666	368	389	765	612	0	1	0	2
480	8737	31.73	54	972	272	226	74	291	197	326	1753520	1438250	1300150	1173780	3788	3962	3923	3788	135	12	4024	474	379	468	391	541	429	305	520	517	0	1	0	3
481	15566	16.05	125	1085	406	344	205	737	708	913	4101640	3496480	2689600	2487880	6724	7937	6931	6724	207	44	7479	1257	1155	1246	993	709	482	507	403	727	1	0	10	1
482	29461	18.79	66	2639	725	604	467	897	442	843	5248400	4648080	3566070	3217350	11863	9389	12594	11863	731	18	11576	1303	751	1129	1333	1518	1013	981	1592	1956	1	0	22	2
483	224150	465.95	789	10921	6079	9801	3216	8129	10289	5465	41265780	34944790	31915280	28501270	99768	92766	104442	99772	4670	494	93533	14043	6800	10910	14443	11138	8322	8254	7398	12225	4	5	0	2037
484	176972	285.97	1042	11251	5903	5711	4355	9271	5138	7960	43320300	36840580	28595940	25957440	76429	77760	78887	76430	2457	345	86302	12183	10294	11597	10670	9648	5997	8382	6613	10918	3	2	0	1004016
485	72979	194.52	484	3511	2025	2364	1969	5547	2422	2941	19750550	16738250	13149830	12055880	31817	37256	33163	31817	1346	192	36149	6707	4606	5793	4597	3627	2625	2708	1697	3789	2	4	63	13
486	112767	301.13	681	5514	3159	3091	1229	3610	2788	5338	20281190	17234890	15501120.0001	13767500	48544	47558	51134	48538	2596	211	47180	5732	5174	6053	5261	5723	4516	4523	3994	6204	10	5	85.99	2004016
487	37267	52.26	300	2079	1055	1331	206	945	537	893	6840140	6171660	5065360	4679300	16712	14825	18013	16712	1301	547	13708	1893	845	1284	1325	2158	1216	1425	1450	2112	1	2	0	3
488	59181	130.88	156	6417	1436	1416	381	1541	1121	1400	10162670	8653890	7731730	7068150	25341	21000	27018	25340	1678	124	23122	2234	2045	2878	2591	4158	1813	2134	1955	3314	0	2	27	11
489	10212	28.81	137	556	475	280	102	403	358	347	2286720	1964730	1556280	1383360	4323	4715	4458	4323	135	15	4924	623	348	588	573	677	387	452	510	766	1	0	5	2
490	1865	12.37	7	228	56	84	17	53	41	86	395170	330840	321650	284890	919	831	966	923	43	10	855	139	130	116	68	109	73	63	70	87	0	0	6	1
491	5863	10.48	35	595	107	157	27	103	63	121	883120	836640	650720	534520	2324	1653	2403	2325	78	3	2108	111	65	162	174	334	180	236	385	461	0	0	0	1
492	63121	198.75	581	4342	1653	2786	713	1841	1440	2171	13342410	11632560	9467810	8553160	28248	26436	30615	28244	2371	793	27444	4056	2335	3284	3046	3915	2207	2467	2210	3924	5	2	0	2001012
493	15655	109.49	83	1198	582	517	344	644	368	495	3292740	2690050	2398830	2178780	6735	7197	6966	6740	226	52	7691	1002	601	931	874	1041	596	866	736	1044	0	1	50	8
494	3974	22.03	23	293	142	119	62	144	74	156	811210	685070	621930	540760	1803	1786	1878	1804	74	21	1832	237	180	210	197	246	163	195	173	231	0	0	0	2
495	5497	42.78	44	230	255	147	61	248	309	296	1349960	1144100	893880	802040	2296	2754	2353	2295	58	6	2643	391	336	371	358	301	200	179	172	335	0	0	2	2000
496	4166	18.78	25	210	144	323	26	102	75	125	810800	709450	628370	567560	2027	1558	2358	2027	331	195	1813	337	141	165	153	234	146	150	201	286	1	1	0	1
497	8679	20.61	26	747	245	221	146	520	298	568	2063640	1636680	1423200	1280880	3558	5028	3723	3559	164	27	4372	806	866	658	532	330	254	302	253	371	0	0	4	1
498	3903	26.53	28	424	118	107	20	120	118	177	731050	623300	611700	533200	1765	1637	1847	1763	84	12	1661	245	205	242	151	194	127	104	167	226	2	0	1	2000
499	85830	305.22	213	6143	2713	1883	1190	3279	2419	2465	15406910	13249810	11904740	10829000	37445	33969	39243	37440	1803	65	37146	4837	3373	4600	4702	4492	2671	4079	3478	4914	2	2	23	20
500	20429	83.63	86	2181	694	482	94	647	334	432	3487520	2935370	2678260	2259780	8988	7760	9422	8986	436	24	8118	727	540	1026	850	1158	707	642	1126	1342	0	1	0	6
501	12346	38.79	33	758	340	190	114	509	352	572	2216460	1866200	1701760	1539580	5406	5566	5606	5409	197	48	4760	561	730	747	543	591	373	365	388	462	0	2	4	2000
502	29341	85.61	56	2106	911	546	281	1092	724	918	4807180	4227150	3672780	3381930	12352	11155	12868	12353	515	20	11295	1252	1031	1546	1391	1504	895	1095	1151	1430	0	2	11	5
503	330973	815.42	586	21426	10639	6492	3487	11920	7787	10117	53485760	46426590	40291990	36616630	135546	120444	142944	135542	7402	173	128071	13563	10913	15992	15338	16077	10617	12711	13928	18932	7	9	94	55
504	3651	11.06	8	397	86	68	20	68	50	62	507200	459650	427950	396250	1585	1064	1615	1585	30	0	1173	86	36	94	115	176	76	121	242	227	0	1	0	1
505	11059	33.5	20	1465	244	189	129	369	284	322	1965000	1677260	1432600	1321040	4501	4754	4611	4501	110	0	4715	669	412	618	525	519	296	371	704	601	0	1	2	2
506	14663	37.97	64	1453	517	332	82	421	306	296	2453310	2055710	1900280	1601620	6511	5348	6789	6511	278	38	5787	461	272	518	647	905	444	666	898	976	0	0	0	3
507	13293	40.09	32	1190	519	219	110	317	323	378	2138280	1886800	1669800	1557660	5766	4920	5999	5766	233	9	5129	530	368	560	609	704	388	431	753	786	0	1	1	3
508	10937	26.38	26	836	362	186	62	311	193	248	1546540	1424310	1235070	1142710	4618	3576	4761	4618	143	16	3803	278	196	437	411	556	316	403	562	644	0	0	1	2
509	6326	30.63	56	332	255	339	57	226	192	146	1190880	995250	933880	813230	2863	2713	2973	2863	110	17	2941	329	125	253	318	430	227	300	418	541	1	0	0	3
510	3110	18.94	14	294	92	101	31	140	92	183	678600	557960	557960	497640	1508	1610	1643	1507	136	39	1447	254	275	207	126	153	88	83	98	163	1	0	0	1000
511	4855	13.07	10	632	120	90	32	127	98	101	770350	682310	638290	550250	2201	1717	2291	2202	89	3	1860	153	60	162	194	257	150	162	380	342	0	0	0	1
512	5446	13.83	12	720	135	104	47	182	176	209	964000	819400	771200	674800	2410	2228	2466	2410	56	3	2371	217	176	269	301	305	154	182	370	397	0	0	0	1
513	4662	16.82	25	432	181	95	28	147	175	122	778830	659010	599100	539190	1997	1998	2077	1997	80	0	1949	211	126	227	251	291	153	169	283	238	0	0	1	1000
514	3683	15.91	8	420	178	77	17	96	80	66	618800	510510	448630	386750	1547	1475	1614	1547	67	4	1533	142	54	124	158	254	132	142	274	253	0	0	0	1000
515	76062	217.5	123	5971	2638	1422	571	2503	1673	2070	12150950	10581240	9416530	8605260	32118	26315	33912	32118	1794	48	29182	2935	2292	3420	3112	4109	2261	3061	3740	4252	2	2	19	14
516	8339	81.14	16	356	113	248	53	225	175	475	993300	824800	823020	709500	2838	2052	3065	2841	224	29	2550	257	492	225	246	199	151	206	266	508	0	0	5	2
517	30386	97.46	48	3140	550	400	261	712	669	690	4673980	4136750	3639310	3342000	12183	10172	12570	12183	387	10	10812	976	614	1130	1119	1215	750	1335	1909	1764	4	0	7	7
518	3665	14.39	8	283	67	76	84	178	250	307	841000	710500	580000	522000	1450	2012	1476	1449	27	3	1914	259	323	346	335	152	96	147	109	147	0	0	3	1
519	7089	28.91	17	415	149	146	122	347	569	518	1568320	1340730	1113140	1039130	3016	3612	3081	3015	66	4	3633	465	556	702	620	264	193	339	188	306	0	0	1	2
520	16355	49.82	36	1247	362	233	166	363	415	362	2482510	2214930	1972060	1766990	6719	5278	7012	6719	293	0	5777	512	263	656	624	728	555	647	933	859	0	1	2	3
521	10127	11.78	15	798	306	159	133	319	270	277	1710800	1496950	1325870	1154790	4277	3552	4409	4277	132	0	3925	347	232	391	547	513	324	486	540	545	2	0	1	1
522	17365	71.85	40	1200	526	361	293	672	705	601	3276200	2767760	2601910	2247180	7743	7186	8031	7743	288	19	7530	963	723	935	1114	831	518	749	731	966	44	1	5	5
523	4665	13.05	5	392	128	74	45	116	140	72	744600	657000	657000	547500	2190	1538	2298	2190	108	3	1778	161	58	170	228	248	138	195	277	303	0	0	0	1
524	15616	62.47	63	1493	437	354	191	535	591	579	2953080	2511700	2284020	2066570	6749	6526	6991	6749	242	4	7092	909	668	1032	895	873	541	545	757	872	31	0	9	4
525	100180	317.26	1388	7513	3406	2752	1097	3785	2696	2972	19678180	16251160	14463170	12750770	43748	45526	45840	43739	2101	154	46496	5698	3506	5304	5459	6174	3177	4276	6174	6728	1	4	0	7002013
526	4578	29.63	22	308	155	94	54	169	136	164	870130	736160	640410	544810	1911	1916	1953	1914	39	0	2175	250	156	258	223	220	321	206	262	279	0	0	2	2
527	1212650	2358.76	2670	77435	35048	25879	18266	49236	39813	39768	213084300	182387820	164928690	146651600	519255	429607	540163	519275	20888	809	501504	57553	50165	63832	70167	58489	36134	50593	48270	66301	106	16	549	5017133
528	24942	93.7	61	1830	865	445	271	844	795	483	4037470	3552470	3277510	2892220	10941	8636	11418	10939	479	6	9619	862	525	1090	1265	1294	853	986	1280	1464	1	0	6	6
529	4462	13.64	19	379	158	92	43	119	121	72	717120	637440	597600	498000	1992	1579	2097	1992	105	0	1821	129	76	204	209	238	200	193	296	276	0	0	1	1
530	8229	49.21	30	384	215	161	98	377	393	415	1603590	1354930	1257880	1126850	3612	4026	3716	3610	106	3	3455	482	589	553	445	284	278	216	207	401	0	0	2	3
531	26958	104.3	59	2201	699	466	235	773	985	634	4507110	3909460	3546520	3143850	11562	9662	11898	11562	336	10	11143	1061	569	1340	1406	1207	1240	995	1611	1714	2	0	10	1006
532	2223	22.47	23	129	119	57	21	58	109	56	361380	313830	285300	247260	951	860	1000	950	50	7	980	82	50	113	116	181	98	78	126	136	0	0	1	1000
533	4380	39.39	40	187	155	140	30	193	202	119	718800	636900	629100	527100	2010	1637	2143	2013	130	30	1849	211	165	232	202	244	196	150	142	307	1	0	1	2000
534	5011	35.5	21	375	167	184	38	133	68	76	762120	663300	568380	522600	2010	1481	2098	2011	87	19	2111	184	59	145	141	326	202	295	347	412	0	0	0	2
